Scripts/data/depth_2km.asc
NCOLS 451 
NROWS 251 
XLLCORNER -32.010860925 
YLLCORNER 35.989195475 
CELLSIZE 0.02 
NODATA_value -9999 
[rows 20 to 39 of 251, columns 396 to 439 of 451]
-3661.32171630859 -3716.72375488281 -3758.91424560547 -3788.251953125 -3808.54028320312 -3832.29797363281 -3876.58129882812 -3968.75677490234 -4112.65350341797 -4215.26794433594 -4264.93701171875 -4297.25720214844 -4303.70471191406 -4311.13146972656 -4322.16589355469 -4335.50927734375 -4348.26440429688 -4357.75134277344 -4362.20483398438 -4363.32409667969 -4358.60107421875 -4343.22497558594 -4325.72045898438 -4330.42272949219 -4353.1337890625 -4374.40673828125 -4389.06103515625 -4411.80126953125 -4451.27416992188 -4477.53234863281 -4477.26208496094 -4453.50671386719 -4403.46154785156 -4318.00305175781 -4168.77331542969 -3993.58276367188 -3914.91882324219 -3912.57299804688 -3909.98321533203 -3932.75299072266 -3969.31274414062 -3999.50579833984 -4022.92596435547 -4040.07598876953
-3711.69952392578 -3755.60473632812 -3797.14971923828 -3834.55773925781 -3868.70947265625 -3903.30529785156 -3946.61456298828 -4004.35046386719 -4116.90075683594 -4187.21557617188 -4206.25646972656 -4229.04821777344 -4246.83532714844 -4264.68200683594 -4285.79357910156 -4308.93505859375 -4332.22973632812 -4349.11145019531 -4360.97448730469 -4367.8583984375 -4372.14404296875 -4371.77062988281 -4371.88623046875 -4378.37341308594 -4387.02746582031 -4390.83020019531 -4395.51293945312 -4416.32507324219 -4460.24291992188 -4490.09521484375 -4491.8095703125 -4473.72473144531 -4437.38342285156 -4381.90307617188 -4218.86608886719 -3920.21002197266 -3829.09222412109 -3833.23327636719 -3862.84875488281 -3899.74371337891 -3949.62445068359 -3997.66827392578 -4042.76477050781 -4080.55529785156
-3777.12927246094 -3812.22924804688 -3851.3837890625 -3894.05444335938 -3935.08673095703 -3969.72894287109 -4002.48669433594 -4035.45153808594 -4084.29858398438 -4128.123046875 -4149.33349609375 -4168.79614257812 -4190.77746582031 -4216.02954101562 -4244.01171875 -4275.7177734375 -4307.3408203125 -4333.28198242188 -4353.3046875 -4369.44604492188 -4381.56994628906 -4387.95703125 -4392.392578125 -4394.5087890625 -4395.87182617188 -4395.29370117188 -4397.20178222656 -4414.27026367188 -4448.77185058594 -4469.60034179688 -4466.26184082031 -4448.45678710938 -4426.3916015625 -4396.92028808594 -4280.85681152344 -3982.48120117188 -3857.47607421875 -3848.56427001953 -3878.53143310547 -3916.32672119141 -3973.24304199219 -4034.73425292969 -4096.32598876953 -4153.68298339844
-3837.50146484375 -3861.60766601562 -3897.20574951172 -3946.12854003906 -3988.74029541016 -4012.14001464844 -4030.23968505859 -4044.75018310547 -4064.38549804688 -4086.85125732422 -4106.13806152344 -4124.78649902344 -4145.23425292969 -4168.68981933594 -4195.27551269531 -4227.21008300781 -4261.92956542969 -4293.88146972656 -4323.0771484375 -4348.11596679688 -4368.79016113281 -4382.60729980469 -4389.33923339844 -4391.0166015625 -4390.64855957031 -4391.1669921875 -4395.08349609375 -4408.29821777344 -4426.67651367188 -4434.6025390625 -4424.57312011719 -4406.76281738281 -4388.33801269531 -4346.40795898438 -4241.279296875 -4070.87359619141 -3964.00726318359 -3931.69903564453 -3944.81677246094 -3981.22076416016 -4040.08178710938 -4107.85363769531 -4178.81579589844 -4245.06958007812
-3882.34320068359 -3887.03271484375 -3911.37145996094 -3970.45574951172 -4007.01220703125 -4022.82830810547 -4035.35675048828 -4047.20526123047 -4058.09375 -4070.28698730469 -4082.39947509766 -4093.73522949219 -4105.53497314453 -4119.27160644531 -4136.94604492188 -4161.07360839844 -4193.06701660156 -4227.92626953125 -4264.01843261719 -4298.26806640625 -4329.82055664062 -4354.63269042969 -4369.93005371094 -4377.52941894531 -4379.7529296875 -4382.02722167969 -4387.73120117188 -4399.12854003906 -4407.72766113281 -4408.52648925781 -4403.10864257812 -4396.21044921875 -4377.93627929688 -4332.42504882812 -4250.384765625 -4145.572265625 -4065.01599121094 -4029.42651367188 -4034.041015625 -4067.17523193359 -4127.96820068359 -4200.39050292969 -4272.64477539062 -4336.57470703125
-3911.73004150391 -3892.74145507812 -3878.14599609375 -3947.44396972656 -3992.24298095703 -4019.3466796875 -4039.41979980469 -4056.38421630859 -4067.6337890625 -4074.68524169922 -4076.56524658203 -4074.30346679688 -4070.06103515625 -4068.50726318359 -4068.07122802734 -4077.13446044922 -4097.75897216797 -4129.41949462891 -4168.88134765625 -4211.3955078125 -4255.27197265625 -4296.18395996094 -4331.0732421875 -4357.00378417969 -4371.5615234375 -4377.94348144531 -4381.87780761719 -4390.71301269531 -4399.17211914062 -4404.15991210938 -4410.6494140625 -4411.99401855469 -4394.16442871094 -4356.19213867188 -4293.22155761719 -4215.52478027344 -4150.89428710938 -4120.69995117188 -4124.50720214844 -4156.74047851562 -4220.35998535156 -4301.50927734375 -4363.12243652344 -4409.33581542969
-3930.59600830078 -3916.2802734375 -3905.00244140625 -3944.03576660156 -3988.38848876953 -4025.78576660156 -4054.80169677734 -4076.34753417969 -4089.66101074219 -4092.32727050781 -4083.91204833984 -4068.94476318359 -4048.63104248047 -4026.10070800781 -4001.65997314453 -3985.55377197266 -3984.79046630859 -4003.04125976562 -4036.27648925781 -4080.43243408203 -4135.23907470703 -4197.05651855469 -4263.05200195312 -4326.64404296875 -4369.90368652344 -4385.88818359375 -4390.2021484375 -4395.38342285156 -4400.09533691406 -4408.55920410156 -4417.36315917969 -4419.67102050781 -4404.71618652344 -4378.85949707031 -4334.73327636719 -4272.63098144531 -4217.23095703125 -4196.0341796875 -4198.02697753906 -4217.61975097656 -4271.5654296875 -4385.46765136719 -4423.95251464844 -4438.1806640625
-3916.63848876953 -3917.77026367188 -3923.92547607422 -3951.94244384766 -3993.49395751953 -4036.36071777344 -4073.38195800781 -4098.34008789062 -4114.44299316406 -4115.09887695312 -4101.91082763672 -4078.45849609375 -4045.79052734375 -4004.59075927734 -3949.65246582031 -3895.75573730469 -3862.69000244141 -3862.36767578125 -3881.69750976562 -3920.33679199219 -3980.97528076172 -4060.15557861328 -4166.24841308594 -4292.85144042969 -4371.76550292969 -4394.68969726562 -4398.53186035156 -4400.39892578125 -4396.99682617188 -4400.62731933594 -4406.68542480469 -4409.60229492188 -4395.84594726562 -4379.1474609375 -4357.12939453125 -4306.55041503906 -4247.1875 -4240.36645507812 -4233.916015625 -4216.541015625 -4212.96911621094 -4374.73828125 -4444.18469238281 -4446.78918457031
-3863.76928710938 -3876.74499511719 -3899.78900146484 -3937.17681884766 -3986.03521728516 -4036.18072509766 -4079.15802001953 -4106.18469238281 -4126.60180664062 -4131.11474609375 -4120.12451171875 -4098.61444091797 -4066.46649169922 -4016.865234375 -3936.07653808594 -3818.64221191406 -3739.82476806641 -3735.91546630859 -3732.80474853516 -3757.10119628906 -3815.57122802734 -3893.09130859375 -4013.51599121094 -4256.42297363281 -4376.26647949219 -4393.55871582031 -4391.34619140625 -4389.88696289062 -4387.65673828125 -4392.99304199219 -4399.80932617188 -4404.81298828125 -4386.95642089844 -4366.81396484375 -4344.34228515625 -4297.33471679688 -4231.68505859375 -4214.53625488281 -4214.08776855469 -4188.06860351562 -4149.59790039062 -4288.48205566406 -4442.99255371094 -4437.50402832031
-3771.08050537109 -3800.29602050781 -3844.83349609375 -3893.97875976562 -3955.02056884766 -4011.66320800781 -4055.60748291016 -4082.37078857422 -4108.24200439453 -4124.52404785156 -4121.91467285156 -4110.83959960938 -4098.04327392578 -4060.54223632812 -3992.61053466797 -3759.39953613281 -3613.10595703125 -3678.30450439453 -3655.12329101562 -3653.66473388672 -3699.12854003906 -3756.45874023438 -3836.88830566406 -4168.50378417969 -4331.80249023438 -4359.59533691406 -4373.06359863281 -4385.60876464844 -4394.2705078125 -4405.94128417969 -4417.16271972656 -4418.16931152344 -4394.84619140625 -4355.44274902344 -4294.35021972656 -4214.20776367188 -4136.91552734375 -4120.93072509766 -4163.84436035156 -4173.28381347656 -4103.15899658203 -4197.47796630859 -4354.72521972656 -4344.68237304688
-3638.86950683594 -3698.15118408203 -3774.47723388672 -3824.31066894531 -3898.07904052734 -3953.57647705078 -3992.08074951172 -4016.02703857422 -4044.86724853516 -4080.49475097656 -4080.71502685547 -4077.03131103516 -4101.00646972656 -4078.177734375 -4046.03576660156 -3779.11151123047 -3631.58721923828 -3690.50952148438 -3686.72650146484 -3675.21844482422 -3694.95202636719 -3737.65057373047 -3829.49523925781 -4042.28448486328 -4202.48474121094 -4284.86767578125 -4343.42053222656 -4383.53881835938 -4401.37768554688 -4415.06579589844 -4425.68347167969 -4422.49206542969 -4389.26098632812 -4326.7060546875 -4225.89343261719 -4094.67449951172 -3975.86773681641 -3954.98669433594 -4057.28924560547 -4107.72802734375 -4059.13452148438 -4078.83148193359 -4164.42272949219 -4185.67993164062
-3492.09545898438 -3563.72601318359 -3677.021484375 -3727.83850097656 -3797.35870361328 -3845.67950439453 -3882.685546875 -3909.11450195312 -3941.70941162109 -3986.54382324219 -4004.19799804688 -4020.58074951172 -4053.21002197266 -4055.34881591797 -4018.43023681641 -3893.86401367188 -3792.11602783203 -3785.47528076172 -3778.57525634766 -3761.45849609375 -3758.25378417969 -3781.68603515625 -3849.84649658203 -3972.92523193359 -4099.79089355469 -4205.16784667969 -4298.23474121094 -4364.32067871094 -4376.14123535156 -4389.85144042969 -4408.66613769531 -4411.22692871094 -4377.49731445312 -4305.51477050781 -4181.62316894531 -4004.45269775391 -3826.04553222656 -3817.81420898438 -3943.07629394531 -3991.16479492188 -3979.31427001953 -3982.95172119141 -4020.03546142578 -4045.84051513672
-3400.97698974609 -3440.94848632812 -3521.39172363281 -3581.46820068359 -3635.75048828125 -3688.31323242188 -3733.67022705078 -3774.41522216797 -3812.96252441406 -3854.95953369141 -3893.38446044922 -3934.85247802734 -3979.37200927734 -4010.33520507812 -4016.93548583984 -3994.83203125 -3953.55377197266 -3925.05603027344 -3899.72723388672 -3871.48999023438 -3849.62347412109 -3846.82080078125 -3875.40344238281 -3941.00323486328 -4025.73870849609 -4111.61901855469 -4183.75354003906 -4237.6416015625 -4253.94287109375 -4307.97778320312 -4359.40905761719 -4380.5615234375 -4364.06945800781 -4310.09375 -4206.04357910156 -4034.7705078125 -3830.59625244141 -3765.99072265625 -3826.40582275391 -3855.55346679688 -3874.55920410156 -3896.68322753906 -3931.84295654297 -3966.91174316406
-3345.64794921875 -3347.466796875 -3387.67974853516 -3444.31903076172 -3505.79351806641 -3568.45379638672 -3620.86444091797 -3664.76123046875 -3697.16375732422 -3735.63848876953 -3783.61199951172 -3849.86895751953 -3924.67846679688 -3992.10821533203 -4041.93255615234 -4068.31701660156 -4067.75024414062 -4049.63623046875 -4021.07598876953 -3983.39971923828 -3941.85595703125 -3907.82904052734 -3897.68023681641 -3925.31530761719 -3981.34826660156 -4042.55725097656 -4068.16595458984 -4030.783203125 -4110.404296875 -4242.31359863281 -4322.87768554688 -4355.283203125 -4353.15869140625 -4321.94641113281 -4217.27819824219 -4051.52478027344 -3887.73651123047 -3780.03076171875 -3767.71850585938 -3783.82904052734 -3817.13696289062 -3857.62744140625 -3906.63549804688 -3955.69653320312
-3296.42449951172 -3282.43902587891 -3313.20574951172 -3374.408203125 -3446.14990234375 -3516.04022216797 -3568.51055908203 -3602.11920166016 -3612.89099121094 -3647.03302001953 -3698.03198242188 -3790.60748291016 -3904.78497314453 -4009.90368652344 -4096.50726318359 -4152.7451171875 -4172.69750976562 -4163.69274902344 -4137.07275390625 -4093.73303222656 -4031.29376220703 -3954.2080078125 -3900.10327148438 -3909.15252685547 -3967.59075927734 -4045.69653320312 -4119.1455078125 -4191.60119628906 -4247.4697265625 -4297.12060546875 -4333.84912109375 -4345.87438964844 -4341.66491699219 -4311.24133300781 -4191.99877929688 -4012.98980712891 -3849.37353515625 -3760.05395507812 -3746.00402832031 -3764.08843994141 -3809.73376464844 -3863.41973876953 -3924.91949462891 -3985.98297119141
-3275.94372558594 -3272.55242919922 -3315.43151855469 -3394.81854248047 -3481.19525146484 -3556.08850097656 -3602.51971435547 -3613.07550048828 -3587.08752441406 -3622.80975341797 -3690.17279052734 -3793.56951904297 -3921.57330322266 -4049.33770751953 -4163.34252929688 -4235.99291992188 -4261.76354980469 -4254.49450683594 -4232.68334960938 -4196.7099609375 -4124.48107910156 -3989.10302734375 -3863.85571289062 -3875.42620849609 -3967.62103271484 -4080.32482910156 -4197.54174804688 -4317.57202148438 -4355.21984863281 -4351.77026367188 -4348.4560546875 -4335.5322265625 -4311.2109375 -4275.125 -4176.69897460938 -4014.55749511719 -3823.98046875 -3760.21447753906 -3774.12707519531 -3803.16448974609 -3855.18920898438 -3915.03546142578 -3981.34948730469 -4048.60900878906
-3278.62530517578 -3297.68292236328 -3372.19647216797 -3485.90771484375 -3590.61450195312 -3659.40301513672 -3686.30200195312 -3674.20025634766 -3641.42248535156 -3655.19073486328 -3718.37274169922 -3814.94976806641 -3941.05346679688 -4079.58325195312 -4203.60217285156 -4266.4599609375 -4286.21215820312 -4284.58068847656 -4281.78894042969 -4265.6650390625 -4221.79821777344 -4047.79400634766 -3817.36126708984 -3851.28997802734 -3979.05505371094 -4108.58551025391 -4220.66528320312 -4305.0517578125 -4340.65087890625 -4346.67504882812 -4338.98120117188 -4323.79174804688 -4292.63452148438 -4269.41809082031 -4237.71618652344 -4179.6689453125 -3929.55224609375 -3847.14453125 -3864.11297607422 -3891.66046142578 -3937.71850585938 -3995.85778808594 -4062.77777099609 -4129.94696044922
-3280.95520019531 -3312.46649169922 -3426.70874023438 -3607.71252441406 -3721.22973632812 -3763.71331787109 -3760.45245361328 -3732.21624755859 -3701.49749755859 -3696.63049316406 -3732.13024902344 -3804.42303466797 -3920.49877929688 -4071.08923339844 -4205.97900390625 -4247.8876953125 -4263.66345214844 -4275.71044921875 -4280.58251953125 -4253.59436035156 -4202.03173828125 -4011.10632324219 -3842.00646972656 -3903.72772216797 -4001.37927246094 -4117.97192382812 -4211.81774902344 -4302.36083984375 -4328.50244140625 -4333.44348144531 -4322.43591308594 -4298.50231933594 -4265.77783203125 -4265.66369628906 -4263.87866210938 -4217.103515625 -4051.40899658203 -3991.37872314453 -3987.56072998047 -3996.39154052734 -4029.01348876953 -4085.51995849609 -4153.26574707031 -4214.72424316406
-3291.96075439453 -3298.37194824219 -3414.69128417969 -3705.74450683594 -3803.95703125 -3813.27575683594 -3795.26379394531 -3761.10778808594 -3728.53149414062 -3704.94622802734 -3703.97155761719 -3731.09344482422 -3803.52478027344 -3959.55548095703 -4086.53344726562 -4134.72686767578 -4168.46997070312 -4208.19775390625 -4197.46215820312 -4128.70623779297 -4037.12353515625 -3913.67449951172 -3885.57049560547 -3944.39593505859 -3999.22875976562 -4055.39001464844 -4063.19134521484 -4220.47119140625 -4324.30017089844 -4295.74072265625 -4264.75244140625 -4255.94873046875 -4247.0791015625 -4239.8544921875 -4241.72058105469 -4231.41015625 -4188.35119628906 -4136.03955078125 -4104.74499511719 -4079.84399414062 -4095.63946533203 -4156.751953125 -4232.53955078125 -4283.90966796875
-3343.59674072266 -3357.64031982422 -3436.75146484375 -3664.72076416016 -3777.39868164062 -3801.15899658203 -3789.60601806641 -3757.23150634766 -3719.28900146484 -3681.06274414062 -3651.53851318359 -3642.44500732422 -3675.72326660156 -3780.99621582031 -3899.91729736328 -3963.25830078125 -3982.76300048828 -3981.54803466797 -3978.6435546875 -3961.91522216797 -3917.21527099609 -3885.86706542969 -3888.94305419922 -3886.48248291016 -3891.81823730469 -3846.09423828125 -3804.09124755859 -4052.58776855469 -4197.58642578125 -4117.13763427734 -4112.11547851562 -4174.10095214844 -4206.17248535156 -4207.19580078125 -4211.08825683594 -4212.29711914062 -4199.693359375 -4169.71520996094 -4141.05090332031 -4104.98004150391 -4113.93408203125 -4178.49731445312 -4258.50903320312 -4303.55871582031
