Scripts/data/depth_2km.asc
NCOLS 451 
NROWS 251 
XLLCORNER -32.010860925 
YLLCORNER 35.989195475 
CELLSIZE 0.02 
NODATA_value -9999 
[rows 100 to 119 of 251, columns 396 to 439 of 451]
-3770.92431640625 -3771.9384765625 -3769.01849365234 -3742.43774414062 -3702.42047119141 -3663.76165771484 -3627.12231445312 -3585.47027587891 -3526.06817626953 -3437.14825439453 -3295.62847900391 -3218.27124023438 -3357.52850341797 -3581.21173095703 -3761.56274414062 -3856.95422363281 -3890.84448242188 -3901.22674560547 -3897.81616210938 -3880.51776123047 -3845.38470458984 -3793.35772705078 -3731.07397460938 -3677.80731201172 -3650.32244873047 -3657.09844970703 -3696.52374267578 -3764.18548583984 -3827.60748291016 -3843.11303710938 -3910.92846679688 -3949.34246826172 -3950.07452392578 -3941.87396240234 -3888.34881591797 -3903.41851806641 -3920.54296875 -3839.65124511719 -3619.91949462891 -3487.11944580078 -3283.81475830078 -3295.74298095703 -3354.32830810547 -3335.35052490234
-3767.72869873047 -3767.67175292969 -3750.78344726562 -3708.56726074219 -3656.9384765625 -3642.94348144531 -3632.91973876953 -3621.26300048828 -3604.14147949219 -3577.76000976562 -3480.30969238281 -3368.63226318359 -3480.50573730469 -3675.33856201172 -3843.57647705078 -3877.46130371094 -3885.28826904297 -3887.32751464844 -3876.41241455078 -3845.05377197266 -3792.47552490234 -3724.85772705078 -3652.91467285156 -3590.81396484375 -3552.49072265625 -3546.13793945312 -3566.39074707031 -3613.77423095703 -3680.76629638672 -3769.00244140625 -3919.19952392578 -3948.39074707031 -3942.14477539062 -3930.75500488281 -3899.68725585938 -3892.18572998047 -3890.38299560547 -3824.45849609375 -3673.41723632812 -3533.16003417969 -3414.71875 -3396.09674072266 -3425.65325927734 -3459.95373535156
-3735.96325683594 -3758.43780517578 -3754.18255615234 -3735.31451416016 -3682.56378173828 -3669.28295898438 -3670.67370605469 -3680.78198242188 -3699.74926757812 -3733.31274414062 -3743.88549804688 -3606.98345947266 -3548.04602050781 -3703.48303222656 -3835.88977050781 -3871.36419677734 -3876.73248291016 -3870.87652587891 -3848.93121337891 -3806.38696289062 -3744.66119384766 -3671.55627441406 -3594.43145751953 -3525.70648193359 -3478.16552734375 -3458.73303222656 -3462.35827636719 -3497.23278808594 -3581.11047363281 -3736.00280761719 -3892.51049804688 -3925.62451171875 -3908.91973876953 -3880.51550292969 -3843.54852294922 -3812.32800292969 -3779.20202636719 -3721.70129394531 -3638.23895263672 -3562.04473876953 -3517.40924072266 -3518.46044921875 -3546.45251464844 -3583.0634765625
-3730.42053222656 -3754.02423095703 -3757.88903808594 -3760.78875732422 -3740.83050537109 -3725.70300292969 -3727.36450195312 -3741.74346923828 -3763.87451171875 -3789.39227294922 -3813.32751464844 -3753.17858886719 -3659.53948974609 -3719.0927734375 -3798.86047363281 -3843.64526367188 -3856.37298583984 -3847.00946044922 -3819.56549072266 -3773.98254394531 -3711.95129394531 -3639.04650878906 -3561.634765625 -3489.490234375 -3434.03527832031 -3402.45220947266 -3390.78350830078 -3407.10968017578 -3474.74652099609 -3649.53326416016 -3823.53924560547 -3861.34497070312 -3845.86450195312 -3809.59375 -3765.09948730469 -3721.51776123047 -3678.70123291016 -3630.88104248047 -3586.96124267578 -3568.03448486328 -3580.84851074219 -3617.25750732422 -3647.11828613281 -3665.32348632812
-3752.70629882812 -3762.42749023438 -3769.51873779297 -3777.16064453125 -3778.45599365234 -3777.98095703125 -3784.17523193359 -3795.2509765625 -3805.47222900391 -3821.38372802734 -3820.57177734375 -3795.58331298828 -3759.35601806641 -3771.0087890625 -3805.33380126953 -3828.88031005859 -3833.97796630859 -3819.03442382812 -3790.78375244141 -3749.66333007812 -3694.12127685547 -3627.29577636719 -3553.72973632812 -3481.22271728516 -3419.13598632812 -3378.69305419922 -3361.18377685547 -3362.77423095703 -3383.01818847656 -3531.43322753906 -3710.70373535156 -3783.97650146484 -3786.92718505859 -3748.69195556641 -3698.64953613281 -3654.24774169922 -3615.17279052734 -3570.20227050781 -3537.03869628906 -3553.08666992188 -3604.65252685547 -3652.69696044922 -3673.68695068359 -3669.28869628906
-3755.38098144531 -3767.12426757812 -3780.51751708984 -3791.78759765625 -3803.02850341797 -3815.50347900391 -3825.60528564453 -3825.92376708984 -3821.94500732422 -3826.865234375 -3821.05603027344 -3810.95935058594 -3802.89672851562 -3806.56176757812 -3818.78948974609 -3822.69445800781 -3810.89349365234 -3785.55676269531 -3760.62994384766 -3731.39227294922 -3690.61071777344 -3636.38970947266 -3573.85375976562 -3504.76800537109 -3435.51025390625 -3385.31921386719 -3375.21929931641 -3415.82373046875 -3463.67498779297 -3578.10278320312 -3707.96472167969 -3772.03924560547 -3773.21978759766 -3724.53076171875 -3657.22674560547 -3622.79675292969 -3601.30828857422 -3562.59497070312 -3530.87280273438 -3557.90972900391 -3612.73345947266 -3646.51147460938 -3652.98400878906 -3638.66400146484
-3749.51049804688 -3765.63171386719 -3783.39978027344 -3793.65051269531 -3807.90374755859 -3826.955078125 -3818.20275878906 -3799.65374755859 -3801.4052734375 -3811.36492919922 -3813.58148193359 -3815.04248046875 -3818.24169921875 -3821.2177734375 -3824.59826660156 -3817.37554931641 -3783.45874023438 -3735.90802001953 -3721.23492431641 -3717.90771484375 -3701.67327880859 -3665.78674316406 -3624.16473388672 -3573.99401855469 -3507.51971435547 -3454.97448730469 -3458.22631835938 -3553.62322998047 -3639.80450439453 -3724.80999755859 -3793.86328125 -3825.24621582031 -3815.19348144531 -3758.24249267578 -3667.96923828125 -3649.11181640625 -3644.19073486328 -3616.41625976562 -3603.67901611328 -3622.91149902344 -3650.70397949219 -3660.20550537109 -3641.36798095703 -3599.35046386719
-3745.28845214844 -3755.17755126953 -3765.55975341797 -3756.16400146484 -3760.67474365234 -3804.33575439453 -3794.90979003906 -3788.80749511719 -3791.68048095703 -3798.60876464844 -3803.56506347656 -3811.27923583984 -3819.53973388672 -3822.78070068359 -3825.65045166016 -3821.59222412109 -3770.70922851562 -3664.28979492188 -3683.39477539062 -3717.76202392578 -3726.29858398438 -3704.26580810547 -3687.66955566406 -3677.98175048828 -3640.12054443359 -3641.7998046875 -3680.96398925781 -3760.04724121094 -3806.79296875 -3850.37701416016 -3878.80627441406 -3889.58551025391 -3886.64373779297 -3859.95745849609 -3792.81750488281 -3766.53698730469 -3734.65124511719 -3673.33374023438 -3672.36077880859 -3696.22894287109 -3707.55377197266 -3705.5302734375 -3665.71447753906 -3562.55102539062
-3757.86578369141 -3760.28900146484 -3761.70275878906 -3727.46398925781 -3737.20220947266 -3791.35626220703 -3798.27130126953 -3798.94226074219 -3801.36376953125 -3803.24401855469 -3804.76800537109 -3811.77569580078 -3819.90576171875 -3823.60375976562 -3826.10827636719 -3823.70581054688 -3779.23101806641 -3651.78448486328 -3688.70050048828 -3731.47021484375 -3748.68426513672 -3733.13098144531 -3725.4609375 -3742.16925048828 -3749.91247558594 -3767.34997558594 -3818.72802734375 -3870.34320068359 -3881.04400634766 -3895.61145019531 -3905.73699951172 -3906.74053955078 -3907.27368164062 -3903.54821777344 -3876.40576171875 -3849.66900634766 -3800.50756835938 -3711.10473632812 -3707.43048095703 -3723.41278076172 -3731.52874755859 -3725.11071777344 -3691.98669433594 -3562.70446777344
-3782.34741210938 -3784.94232177734 -3774.26953125 -3749.19476318359 -3769.80975341797 -3796.96954345703 -3809.68371582031 -3816.04376220703 -3818.82672119141 -3817.52850341797 -3816.28643798828 -3818.44177246094 -3823.43023681641 -3827.11145019531 -3828.1240234375 -3816.74182128906 -3779.88348388672 -3732.42700195312 -3731.35272216797 -3748.45617675781 -3759.87951660156 -3756.97576904297 -3745.62969970703 -3748.63781738281 -3756.97827148438 -3770.81079101562 -3807.93249511719 -3861.07049560547 -3881.69903564453 -3885.70825195312 -3891.79418945312 -3896.66949462891 -3894.21826171875 -3888.96801757812 -3871.90997314453 -3860.45776367188 -3818.16021728516 -3748.90454101562 -3717.58093261719 -3695.85327148438 -3718.86126708984 -3674.76519775391 -3630.34448242188 -3640.48577880859
-3785.92272949219 -3785.66546630859 -3777.80151367188 -3773.21301269531 -3784.56799316406 -3804.3203125 -3821.08251953125 -3829.24877929688 -3832.49621582031 -3828.66552734375 -3825.38446044922 -3824.07073974609 -3826.18371582031 -3828.44702148438 -3827.80023193359 -3816.26123046875 -3794.06268310547 -3770.90020751953 -3763.93304443359 -3768.34979248047 -3773.77673339844 -3770.8134765625 -3760.77374267578 -3756.23223876953 -3752.01922607422 -3743.73425292969 -3759.8642578125 -3819.97320556641 -3858.24548339844 -3873.90972900391 -3886.97827148438 -3894.14953613281 -3889.66650390625 -3881.76599121094 -3866.90277099609 -3858.76220703125 -3830.47003173828 -3785.76831054688 -3742.20733642578 -3700.30548095703 -3724.34173583984 -3639.44573974609 -3602.03973388672 -3778.45672607422
-3773.86920166016 -3774.17004394531 -3774.09423828125 -3777.28448486328 -3788.52947998047 -3806.06201171875 -3820.51904296875 -3827.42547607422 -3829.47729492188 -3825.60418701172 -3821.13629150391 -3818.51776123047 -3819.65051269531 -3821.68127441406 -3819.93768310547 -3810.478515625 -3795.84326171875 -3780.46954345703 -3774.80554199219 -3774.78045654297 -3775.49719238281 -3773.78448486328 -3771.42596435547 -3767.13299560547 -3759.56945800781 -3749.68469238281 -3760.99627685547 -3803.07525634766 -3842.39575195312 -3869.27429199219 -3886.60101318359 -3893.80999755859 -3890.60473632812 -3883.20904541016 -3871.20904541016 -3858.44927978516 -3838.04125976562 -3808.51953125 -3776.96899414062 -3753.80444335938 -3744.33026123047 -3711.89697265625 -3738.96655273438 -3871.73370361328
-3763.67828369141 -3766.70452880859 -3771.04724121094 -3773.53875732422 -3781.958984375 -3792.96319580078 -3801.94903564453 -3806.5087890625 -3808.26098632812 -3805.32769775391 -3802.65551757812 -3802.24755859375 -3805.23077392578 -3806.63903808594 -3804.28247070312 -3796.50524902344 -3786.45648193359 -3776.95025634766 -3774.61700439453 -3775.12750244141 -3774.13897705078 -3772.70471191406 -3770.33581542969 -3763.9794921875 -3757.28021240234 -3757.36450195312 -3771.09594726562 -3799.32104492188 -3830.88049316406 -3857.83251953125 -3875.19903564453 -3881.72778320312 -3880.31427001953 -3874.06774902344 -3864.10424804688 -3853.0224609375 -3838.63952636719 -3820.36126708984 -3802.45825195312 -3788.93249511719 -3777.53521728516 -3778.97772216797 -3840.23345947266 -3956.04473876953
-3757.13153076172 -3761.95092773438 -3761.10345458984 -3756.35699462891 -3756.41546630859 -3760.28771972656 -3765.38098144531 -3768.69641113281 -3771.623046875 -3771.67218017578 -3774.83673095703 -3780.13818359375 -3786.31872558594 -3789.53973388672 -3787.47778320312 -3781.33148193359 -3775.68524169922 -3772.66046142578 -3772.31872558594 -3771.84820556641 -3763.55279541016 -3752.74725341797 -3739.93603515625 -3731.93151855469 -3733.5224609375 -3744.7724609375 -3763.74346923828 -3789.04895019531 -3817.01324462891 -3841.07476806641 -3857.46850585938 -3863.376953125 -3862.58050537109 -3856.55102539062 -3849.17645263672 -3841.36029052734 -3831.39099121094 -3823.04974365234 -3819.31982421875 -3816.93426513672 -3808.38970947266 -3804.58947753906 -3861.95269775391 -3957.09124755859
-3749.43969726562 -3747.66632080078 -3735.17645263672 -3721.07501220703 -3711.45477294922 -3707.623046875 -3710.0390625 -3714.98297119141 -3721.90179443359 -3730.15051269531 -3743.61077880859 -3758.89056396484 -3771.48345947266 -3776.9990234375 -3778.29931640625 -3772.93023681641 -3770.87622070312 -3770.18103027344 -3766.67901611328 -3759.60125732422 -3739.00201416016 -3715.39123535156 -3696.14227294922 -3688.32495117188 -3696.85345458984 -3719.41046142578 -3747.51605224609 -3776.37445068359 -3804.71246337891 -3828.46179199219 -3844.22174072266 -3850.49017333984 -3850.04650878906 -3843.75506591797 -3838.37322998047 -3832.97381591797 -3826.21075439453 -3824.95367431641 -3834.01495361328 -3849.05249023438 -3851.23077392578 -3855.17053222656 -3899.478515625 -3967.80596923828
-3733.49627685547 -3718.78125 -3695.90454101562 -3671.06652832031 -3651.30322265625 -3642.77319335938 -3643.93743896484 -3653.26354980469 -3664.90026855469 -3683.64447021484 -3713.41125488281 -3744.97430419922 -3763.728515625 -3763.57824707031 -3759.04846191406 -3757.04449462891 -3767.125 -3767.37854003906 -3758.50244140625 -3740.01843261719 -3708.77130126953 -3677.51824951172 -3654.18524169922 -3647.89947509766 -3662.26000976562 -3694.03576660156 -3732.84301757812 -3768.1162109375 -3800.41345214844 -3826.74298095703 -3844.21374511719 -3850.86608886719 -3850.04553222656 -3844.29125976562 -3840.02551269531 -3837.61700439453 -3830.81976318359 -3825.79522705078 -3840.86370849609 -3868.80102539062 -3888.77899169922 -3911.44250488281 -3951.84375 -3999.02624511719
-3705.11999511719 -3680.33825683594 -3650.46099853516 -3620.125 -3596.76971435547 -3588.6552734375 -3593.37353515625 -3609.25952148438 -3622.82122802734 -3642.87927246094 -3683.78552246094 -3734.71948242188 -3748.82550048828 -3742.22253417969 -3728.15893554688 -3730.71020507812 -3761.03424072266 -3758.05023193359 -3740.00744628906 -3711.35498046875 -3676.43273925781 -3645.27795410156 -3624.16101074219 -3621.16149902344 -3642.73004150391 -3683.84027099609 -3729.37225341797 -3770.42474365234 -3808.05249023438 -3838.25500488281 -3856.88824462891 -3864.37548828125 -3862.93218994141 -3858.54425048828 -3856.46594238281 -3858.36853027344 -3854.54699707031 -3842.71899414062 -3854.48400878906 -3877.83850097656 -3902.09796142578 -3934.77606201172 -3965.38354492188 -3994.50506591797
-3666.15405273438 -3638.00274658203 -3608.43377685547 -3581.21276855469 -3563.8037109375 -3564.36273193359 -3579.32257080078 -3603.32751464844 -3619.02593994141 -3623.41546630859 -3648.13122558594 -3709.02453613281 -3729.46002197266 -3729.02105712891 -3729.24005126953 -3741.72125244141 -3752.23974609375 -3732.62127685547 -3702.58972167969 -3670.24200439453 -3641.04296875 -3617.92895507812 -3606.29248046875 -3614.00543212891 -3644.74224853516 -3690.84796142578 -3738.27374267578 -3781.94995117188 -3822.23828125 -3853.7607421875 -3872.05749511719 -3878.95977783203 -3877.75451660156 -3874.958984375 -3875.26824951172 -3882.20556640625 -3885.60827636719 -3882.30773925781 -3886.94848632812 -3895.81549072266 -3898.87078857422 -3932.33703613281 -3935.74151611328 -3936.98468017578
-3624.40502929688 -3598.85479736328 -3576.58605957031 -3560.07849121094 -3556.12225341797 -3570.76171875 -3599.89721679688 -3634.83447265625 -3659.49047851562 -3660.84368896484 -3666.20593261719 -3703.28820800781 -3726.26098632812 -3733.24523925781 -3743.53350830078 -3746.55480957031 -3726.20880126953 -3690.32299804688 -3654.55505371094 -3626.68548583984 -3607.00201416016 -3597.48199462891 -3601.29577636719 -3622.14447021484 -3662.70349121094 -3709.16027832031 -3753.80297851562 -3796.99468994141 -3836.69750976562 -3866.41748046875 -3882.30798339844 -3886.33825683594 -3883.39477539062 -3882.75573730469 -3886.08099365234 -3894.93170166016 -3903.49353027344 -3907.82525634766 -3911.19000244141 -3913.19683837891 -3910.98803710938 -3922.4560546875 -3896.65423583984 -3855.74176025391
-3584.32958984375 -3568.27978515625 -3560.10150146484 -3559.72503662109 -3571.29400634766 -3601.85949707031 -3645.5517578125 -3683.86145019531 -3705.84594726562 -3706.94500732422 -3706.29876708984 -3719.96527099609 -3734.78192138672 -3741.55749511719 -3738.57171630859 -3720.77478027344 -3686.50299072266 -3642.48852539062 -3606.63079833984 -3586.99798583984 -3580.78393554688 -3587.26000976562 -3609.06500244141 -3644.82025146484 -3691.07672119141 -3733.08575439453 -3773.49877929688 -3812.77020263672 -3847.15753173828 -3870.68267822266 -3880.84027099609 -3881.67022705078 -3879.76348876953 -3882.15698242188 -3889.86395263672 -3902.17779541016 -3911.27777099609 -3915.37121582031 -3919.66827392578 -3924.48602294922 -3922.32800292969 -3906.59197998047 -3840.23852539062 -3767.27227783203
