Scripts/data/depth_2km.asc
NCOLS 451 
NROWS 251 
XLLCORNER -32.010860925 
YLLCORNER 35.989195475 
CELLSIZE 0.02 
NODATA_value -9999 
[rows 20 to 39 of 251, columns 44 to 87 of 451]
-2157.37744140625 -2108.86822509766 -2078.87677001953 -2064.43127441406 -2072.18951416016 -2094.09478759766 -2123.97296142578 -2162.44348144531 -2204.82299804688 -2251.05548095703 -2295.88122558594 -2331.60882568359 -2355.26324462891 -2371.29650878906 -2382.65771484375 -2396.14373779297 -2412.81274414062 -2416.17901611328 -2383.07720947266 -2294.87322998047 -2151.64324951172 -1986.83074951172 -1854.17523193359 -1788.9485168457 -1829.75354003906 -1934.67901611328 -2044.43426513672 -2120.9375 -2152.41381835938 -2138.44024658203 -2076.01898193359 -1979.85977172852 -1860.37524414062 -1741.05551147461 -1645.33773803711 -1577.70321655273 -1572.04800415039 -1720.14273071289 -1944.4084777832 -2016.30651855469 -2099.92132568359 -2062.96347045898 -1981.42098999023 -1908.03726196289
-2102.41925048828 -2083.5732421875 -2083.63403320312 -2095.15850830078 -2115.82824707031 -2138.27325439453 -2157.93048095703 -2177.56774902344 -2201.68621826172 -2238.68072509766 -2284.62280273438 -2322.75946044922 -2341.84625244141 -2361.94549560547 -2381.90472412109 -2407.38818359375 -2432.77801513672 -2438.98602294922 -2410.27673339844 -2331.35626220703 -2209.04949951172 -2078.33779907227 -1969.69973754883 -1916.90377807617 -1939.99353027344 -2013.84503173828 -2095.91906738281 -2149.99346923828 -2167.47796630859 -2140.23504638672 -2066.80773925781 -1958.73150634766 -1832.24948120117 -1713.84677124023 -1627.07171630859 -1567.53024291992 -1603.02575683594 -1778.43798828125 -1993.66970825195 -2019.42553710938 -2011.81848144531 -1975.57348632812 -1908.92098999023 -1841.74600219727
-2078.19671630859 -2087.82452392578 -2110.15197753906 -2139.35998535156 -2166.65106201172 -2180.46752929688 -2181.92999267578 -2186.40045166016 -2196.49548339844 -2213.91900634766 -2254.43145751953 -2287.91345214844 -2307.51721191406 -2332.94274902344 -2367.6884765625 -2406.91796875 -2447.41870117188 -2467.41418457031 -2460.62677001953 -2412.50250244141 -2330.48272705078 -2239.81176757812 -2163.49353027344 -2113.35922241211 -2105.74426269531 -2132.15222167969 -2169.45971679688 -2188.46026611328 -2180.77252197266 -2136.17303466797 -2053.41098022461 -1943.53475952148 -1819.83126831055 -1706.12802124023 -1639.68548583984 -1574.72952270508 -1576.51901245117 -1769.70425415039 -1903.68524169922 -1932.90676879883 -1906.88125610352 -1861.86947631836 -1801.10702514648 -1742.74499511719
-2077.49298095703 -2104.79400634766 -2138.30072021484 -2169.22503662109 -2188.08349609375 -2190.8740234375 -2176.05975341797 -2177.93023681641 -2186.23803710938 -2188.31701660156 -2201.64251708984 -2219.36975097656 -2243.13354492188 -2276.94500732422 -2322.22302246094 -2373.91217041016 -2427.12347412109 -2465.97302246094 -2482.92602539062 -2466.95526123047 -2423.94970703125 -2376.59796142578 -2354.00598144531 -2332.11401367188 -2252.63726806641 -2224.62799072266 -2218.99499511719 -2202.72448730469 -2168.02252197266 -2105.62646484375 -2021.10198974609 -1922.86776733398 -1811.4084777832 -1689.68997192383 -1604.70974731445 -1599.16198730469 -1591.44448852539 -1695.26974487305 -1782.76498413086 -1805.72998046875 -1779.40301513672 -1731.68148803711 -1677.77249145508 -1629.69277954102
-2085.15246582031 -2124.17028808594 -2160.40551757812 -2181.57745361328 -2187.12451171875 -2181.19525146484 -2157.02825927734 -2140.16326904297 -2127.57220458984 -2116.12292480469 -2114.63427734375 -2127.40246582031 -2155.40594482422 -2198.26977539062 -2253.03100585938 -2313.88696289062 -2377.60479736328 -2430.3955078125 -2465.44897460938 -2468.35223388672 -2449.92474365234 -2418.27874755859 -2383.17498779297 -2327.28875732422 -2274.7587890625 -2253.30725097656 -2230.36419677734 -2193.47430419922 -2136.75457763672 -2053.80096435547 -1969.91027832031 -1902.83721923828 -1815.70700073242 -1706.26550292969 -1588.35925292969 -1591.63226318359 -1629.18273925781 -1680.50448608398 -1713.84722900391 -1706.40625 -1663.26477050781 -1605.07125854492 -1555.01821899414 -1517.81851196289
-2093.23876953125 -2139.22973632812 -2177.71075439453 -2187.15374755859 -2182.87774658203 -2161.76977539062 -2123.60028076172 -2079.02130126953 -2042.90579223633 -2022.21350097656 -2015.12698364258 -2027.35925292969 -2056.68197631836 -2103.30102539062 -2164.54876708984 -2231.10803222656 -2300.41546630859 -2359.99945068359 -2404.60522460938 -2424.45104980469 -2419.87646484375 -2395.78302001953 -2355.48651123047 -2304.33203125 -2266.10272216797 -2246.51428222656 -2218.38024902344 -2173.77764892578 -2107.16998291016 -1995.60299682617 -1894.42526245117 -1875.87649536133 -1841.22598266602 -1755.58471679688 -1688.58172607422 -1670.35174560547 -1684.95953369141 -1700.73449707031 -1691.29800415039 -1646.58825683594 -1574.34774780273 -1494.59976196289 -1447.8147277832 -1421.77377319336
-2111.822265625 -2142.41802978516 -2177.03656005859 -2188.18927001953 -2174.00671386719 -2134.59454345703 -2076.23779296875 -2015.1369934082 -1967.01525878906 -1940.87100219727 -1930.67074584961 -1941.8762512207 -1968.99624633789 -2011.62448120117 -2068.31326293945 -2135.14947509766 -2204.50805664062 -2267.70922851562 -2315.88397216797 -2345.24957275391 -2352.69024658203 -2339.99346923828 -2312.19702148438 -2274.30621337891 -2245.47705078125 -2224.15844726562 -2192.90325927734 -2155.04150390625 -2121.15869140625 -2039.69647216797 -1862.39703369141 -1868.03326416016 -1848.37353515625 -1810.27850341797 -1775.76602172852 -1757.5517578125 -1750.42950439453 -1737.125 -1699.22448730469 -1629.25973510742 -1531.99349975586 -1431.78024291992 -1385.19598388672 -1357.89151000977
-2136.11273193359 -2162.17474365234 -2186.77001953125 -2194.01647949219 -2171.69921875 -2118.15075683594 -2045.02575683594 -1973.00500488281 -1915.82876586914 -1882.32000732422 -1865.95901489258 -1873.49026489258 -1897.00100708008 -1933.67276000977 -1984.70623779297 -2048.08798217773 -2113.6044921875 -2181.67907714844 -2235.29974365234 -2269.06323242188 -2284.18347167969 -2279.65643310547 -2263.93896484375 -2248.447265625 -2226.62524414062 -2197.49127197266 -2160.92376708984 -2121.54827880859 -2119.40173339844 -2141.673828125 -1994.60171508789 -1925.71499633789 -1896.50299072266 -1872.45950317383 -1848.90875244141 -1830.12875366211 -1809.72323608398 -1777.63400268555 -1723.08776855469 -1641.70101928711 -1538.86624145508 -1438.3639831543 -1365.56524658203 -1315.34802246094
-2110.39019775391 -2166.2998046875 -2200.10424804688 -2209.25451660156 -2184.43774414062 -2124.52301025391 -2044.03472900391 -1963.44573974609 -1896.67922973633 -1854.09823608398 -1829.55798339844 -1829.77523803711 -1846.86352539062 -1879.57022094727 -1928.771484375 -1992.50674438477 -2057.43594360352 -2126.65972900391 -2184.54425048828 -2220.40502929688 -2233.60876464844 -2225.46545410156 -2202.44799804688 -2179.1865234375 -2169.84197998047 -2158.21533203125 -2130.64379882812 -2101.67352294922 -2086.39752197266 -2094.48095703125 -2031.42025756836 -1976.99047851562 -1946.64300537109 -1926.12426757812 -1903.0950012207 -1880.16125488281 -1847.10025024414 -1802.71600341797 -1737.93200683594 -1650.21823120117 -1544.75924682617 -1439.06274414062 -1343.10598754883 -1264.35296630859
-2101.92822265625 -2169.40979003906 -2212.29644775391 -2225.06079101562 -2204.8349609375 -2148.54754638672 -2069.71224975586 -1985.07647705078 -1910.57174682617 -1857.05722045898 -1821.458984375 -1811.75247192383 -1823.72601318359 -1856.10549926758 -1908.32125854492 -1975.83926391602 -2046.21206665039 -2118.83477783203 -2176.20880126953 -2208.26422119141 -2213.03521728516 -2190.74920654297 -2148.71325683594 -2107.53747558594 -2093.02825927734 -2103.41552734375 -2087.03521728516 -2073.04351806641 -2053.55599975586 -2039.06225585938 -2015.521484375 -1992.73547363281 -1974.92022705078 -1956.00302124023 -1928.81127929688 -1898.57250976562 -1855.51776123047 -1798.7607421875 -1724.56903076172 -1632.35473632812 -1523.67422485352 -1412.08474731445 -1297.89526367188 -1189.54748535156
-2110.10723876953 -2175.29400634766 -2215.88751220703 -2229.93200683594 -2216.70129394531 -2171.34692382812 -2097.80474853516 -2013.81924438477 -1936.15725708008 -1873.72476196289 -1830.76251220703 -1813.68374633789 -1822.95599365234 -1859.64852905273 -1919.95751953125 -1996.46600341797 -2076.06723022461 -2151.54357910156 -2205.20050048828 -2230.80981445312 -2225.16900634766 -2185.84600830078 -2126.22021484375 -2102.99224853516 -2092.85876464844 -2067.79974365234 -2060.79547119141 -2041.44525146484 -2024.509765625 -2012.49603271484 -2003.66549682617 -1995.22500610352 -1981.54299926758 -1959.9169921875 -1926.58499145508 -1885.68325805664 -1831.43023681641 -1763.37023925781 -1681.39126586914 -1585.22750854492 -1477.56549072266 -1365.19924926758 -1246.44250488281 -1123.3857421875
-2112.58404541016 -2170.14526367188 -2209.12622070312 -2224.01251220703 -2214.12799072266 -2177.81353759766 -2114.53826904297 -2034.98095703125 -1955.45373535156 -1888.14175415039 -1839.5505065918 -1818.84976196289 -1830.61926269531 -1875.91952514648 -1948.81900024414 -2037.97445678711 -2128.31097412109 -2206.01550292969 -2258.25427246094 -2281.54327392578 -2269.16235351562 -2218.39971923828 -2113.53344726562 -2068.39624023438 -2083.49603271484 -2064.04229736328 -2045.0627746582 -2024.47525024414 -2008.80401611328 -2001.59375 -1997.79748535156 -1991.53723144531 -1976.53421020508 -1949.48126220703 -1907.37548828125 -1855.58975219727 -1789.3557434082 -1711.09426879883 -1622.03350830078 -1525.45095825195 -1424.17449951172 -1322.39672851562 -1220.13973999023 -1111.95272827148
-2103.78851318359 -2147.79852294922 -2178.33544921875 -2192.18951416016 -2187.23254394531 -2158.78228759766 -2106.03997802734 -2035.35345458984 -1961.19125366211 -1894.50402832031 -1845.64099121094 -1826.22647094727 -1845.82727050781 -1902.69403076172 -1988.98550415039 -2087.52178955078 -2185.06323242188 -2261.75775146484 -2317.56103515625 -2345.25402832031 -2327.64575195312 -2284.2275390625 -2176.61651611328 -2064.77224731445 -2078.46850585938 -2063.02075195312 -2036.28799438477 -2016.53601074219 -2004.24224853516 -1997.90875244141 -1992.72299194336 -1982.00299072266 -1959.67327880859 -1924.08178710938 -1872.85202026367 -1810.083984375 -1732.8235168457 -1645.32626342773 -1554.21752929688 -1463.5202331543 -1378.45300292969 -1301.9479675293 -1242.83874511719 -1194.89096069336
-2091.39947509766 -2114.97924804688 -2131.62103271484 -2139.21368408203 -2135.60150146484 -2115.86846923828 -2076.62878417969 -2017.75448608398 -1952.4892578125 -1891.62701416016 -1847.125 -1835.22622680664 -1863.27474975586 -1932.33801269531 -2027.66522216797 -2126.73895263672 -2215.8759765625 -2288.97027587891 -2353.45269775391 -2386.71728515625 -2365.38049316406 -2301.15081787109 -2217.30603027344 -2123.74267578125 -2079.0009765625 -2053.68344116211 -2029.48025512695 -2012.66625976562 -2000.56649780273 -1991.37774658203 -1981.78927612305 -1964.8005065918 -1933.90173339844 -1889.68350219727 -1830.61148071289 -1759.59100341797 -1676.40148925781 -1587.22698974609 -1501.19424438477 -1421.6682434082 -1355.96447753906 -1308.15325927734 -1292.79449462891 -1310.56600952148
-2087.27996826172 -2088.58825683594 -2088.57421875 -2086.82446289062 -2082.80554199219 -2070.18322753906 -2043.26223754883 -1997.65951538086 -1939.93673706055 -1885.01498413086 -1844.13323974609 -1840.31048583984 -1881.10473632812 -1963.06872558594 -2066.59674072266 -2161.59802246094 -2225.96978759766 -2280.58526611328 -2361.86224365234 -2387.81799316406 -2361.81274414062 -2295.81524658203 -2215.65850830078 -2133.13323974609 -2067.04150390625 -2037.32873535156 -2027.84323120117 -2010.34051513672 -1995.04376220703 -1981.90924072266 -1966.50048828125 -1943.42974853516 -1905.46624755859 -1853.87976074219 -1788.59176635742 -1712.7275390625 -1628.88000488281 -1544.57577514648 -1467.31701660156 -1400.07800292969 -1351.37399291992 -1321.31552124023 -1328.17651367188 -1376.32000732422
-2100.75799560547 -2080.29699707031 -2063.47198486328 -2051.13400268555 -2043.6149597168 -2035.60049438477 -2017.83123779297 -1983.5505065918 -1936.8219909668 -1890.83172607422 -1858.36923217773 -1864.39199829102 -1919.10122680664 -2015.21298217773 -2124.85656738281 -2208.26422119141 -2242.77374267578 -2257.46380615234 -2340.93444824219 -2360.50299072266 -2333.82348632812 -2277.42749023438 -2208.46801757812 -2142.42077636719 -2092.92297363281 -2071.32000732422 -2039.78399658203 -2010.30700683594 -1987.92251586914 -1968.79299926758 -1946.82174682617 -1915.87249755859 -1870.00799560547 -1811.83599853516 -1742.7702331543 -1667.5622253418 -1591.93426513672 -1521.03799438477 -1458.3547668457 -1406.73175048828 -1370.75149536133 -1349.04776000977 -1350.60720825195 -1370.72650146484
-2124.32971191406 -2089.70819091797 -2059.54528808594 -2037.06549072266 -2026.15325927734 -2020.30648803711 -2009.79452514648 -1984.76174926758 -1949.00473022461 -1913.55224609375 -1891.83422851562 -1907.29873657227 -1972.60723876953 -2084.24301147461 -2196.13525390625 -2258.41528320312 -2263.84521484375 -2275.93499755859 -2320.20727539062 -2336.86248779297 -2313.23950195312 -2263.83770751953 -2202.95172119141 -2142.63452148438 -2094.03198242188 -2058.00448608398 -2021.87377929688 -1996.19546508789 -1974.31799316406 -1952.85549926758 -1925.14428710938 -1886.64276123047 -1833.65173339844 -1768.32998657227 -1696.85922241211 -1625.59753417969 -1562.25149536133 -1509.14724731445 -1465.0119934082 -1429.41128540039 -1406.68200683594 -1393.45999145508 -1385.24224853516 -1378.23300170898
-2147.91772460938 -2106.30023193359 -2066.34051513672 -2036.375 -2022.07424926758 -2019.11676025391 -2015.12051391602 -1998.62423706055 -1971.22625732422 -1942.38900756836 -1925.95846557617 -1942.17700195312 -2005.38400268555 -2137.33404541016 -2250.08599853516 -2292.51098632812 -2296.87347412109 -2309.26275634766 -2335.34948730469 -2338.40051269531 -2310.23352050781 -2259.15454101562 -2197.06896972656 -2133.72601318359 -2075.75677490234 -2026.20947265625 -1998.54251098633 -1980.65447998047 -1961.65823364258 -1940.69100952148 -1909.60552978516 -1864.1745300293 -1802.80624389648 -1729.50900268555 -1654.98376464844 -1585.94396972656 -1533.65100097656 -1498.80548095703 -1477.09075927734 -1460.03497314453 -1451.09927368164 -1447.80926513672 -1433.14273071289 -1410.15924072266
-2161.95849609375 -2124.93426513672 -2082.35601806641 -2048.09326171875 -2029.947265625 -2025.07247924805 -2022.3200378418 -2012.36776733398 -1992.59600830078 -1968.54876708984 -1955.32876586914 -1964.98028564453 -1989.69375610352 -2083.40628051758 -2217.39227294922 -2273.82171630859 -2309.58795166016 -2336.34448242188 -2356.5322265625 -2350.43951416016 -2316.22680664062 -2259.88726806641 -2192.28924560547 -2124.87225341797 -2068.61602783203 -2031.8740234375 -2001.38873291016 -1977.59600830078 -1959.28674316406 -1938.50827026367 -1905.37899780273 -1854.98699951172 -1785.95074462891 -1704.94873046875 -1626.13922119141 -1555.34051513672 -1509.44976806641 -1489.42575073242 -1489.28427124023 -1495.5107421875 -1499.30526733398 -1498.65802001953 -1480.23376464844 -1451.24447631836
-2163.18328857422 -2134.83776855469 -2098.29479980469 -2064.08654785156 -2040.15853881836 -2026.85278320312 -2017.47750854492 -2008.65875244141 -1997.24597167969 -1980.80474853516 -1968.45849609375 -1962.47747802734 -1958.70825195312 -2015.89245605469 -2136.14001464844 -2226.46081542969 -2289.8427734375 -2333.63122558594 -2358.31256103516 -2352.38653564453 -2316.25128173828 -2256.55798339844 -2184.7587890625 -2114.24249267578 -2055.91149902344 -2016.51797485352 -1990.38702392578 -1975.24798583984 -1963.23175048828 -1945.44976806641 -1912.91448974609 -1861.02572631836 -1789.21524047852 -1704.73776245117 -1621.21051025391 -1546.55722045898 -1498.32177734375 -1480.23373413086 -1486.40127563477 -1502.8532409668 -1515.0009765625 -1518.43951416016 -1504.26550292969 -1478.96801757812
