Scripts/data/depth_2km.asc
NCOLS 451 
NROWS 251 
XLLCORNER -32.010860925 
YLLCORNER 35.989195475 
CELLSIZE 0.02 
NODATA_value -9999 
[rows 0 to 19 of 251, columns 396 to 439 of 451]
-3453.25598144531 -3442.10101318359 -3438.64874267578 -3447.13873291016 -3469.46826171875 -3499.79632568359 -3526.44500732422 -3537.58325195312 -3556.87121582031 -3592.78326416016 -3598.07476806641 -3589.30230712891 -3590.86871337891 -3612.81353759766 -3649.85424804688 -3710.82623291016 -3787.10540771484 -3858.67425537109 -3901.10247802734 -3902.62225341797 -3896.70629882812 -3960.66076660156 -4012.7412109375 -4030.06677246094 -4050.13897705078 -4047.91247558594 -4038.27124023438 -4007.28576660156 -3866.87847900391 -3673.96154785156 -3543.52270507812 -3490.54321289062 -3500.259765625 -3547.60375976562 -3627.68194580078 -3727.72448730469 -3829.27252197266 -3917.73529052734 -3974.41577148438 -4007.57550048828 -4032.27075195312 -4051.48852539062 -3994.04577636719 -3839.47479248047
-3464.94952392578 -3442.76477050781 -3430.93194580078 -3430.60748291016 -3446.06579589844 -3478.16528320312 -3507.68170166016 -3516.44573974609 -3539.36822509766 -3556.64129638672 -3559.72998046875 -3560.76623535156 -3574.55126953125 -3607.36553955078 -3651.86297607422 -3704.22607421875 -3786.64276123047 -3865.75128173828 -3910.5546875 -3913.97875976562 -3929.36676025391 -3967.41149902344 -4012.13549804688 -4041.35424804688 -4057.48132324219 -4051.89300537109 -4041.74053955078 -4029.1259765625 -3823.45300292969 -3592.65679931641 -3485.14221191406 -3462.19024658203 -3489.08575439453 -3545.29028320312 -3638.70050048828 -3750.11627197266 -3855.53173828125 -3933.82995605469 -3962.85882568359 -3942.65600585938 -3948.46801757812 -3995.90124511719 -3950.88305664062 -3855.88269042969
-3469.63555908203 -3437.71899414062 -3421.81579589844 -3415.46081542969 -3420.83020019531 -3467.42523193359 -3496.26525878906 -3503.46722412109 -3511.97406005859 -3519.47674560547 -3522.19622802734 -3529.0830078125 -3558.16625976562 -3612.8642578125 -3680.76574707031 -3725.01000976562 -3779.48303222656 -3878.94000244141 -3925.15899658203 -3953.30969238281 -3982.11199951172 -4016.28948974609 -4051.86352539062 -4076.34826660156 -4086.83245849609 -4068.85125732422 -4009.57971191406 -3854.32470703125 -3575.53576660156 -3426.41198730469 -3410.82330322266 -3450.15252685547 -3496.96673583984 -3549.875 -3652.12603759766 -3782.38323974609 -3897.51525878906 -3978.97174072266 -3993.68548583984 -3901.92547607422 -3831.03497314453 -3883.60821533203 -3883.59521484375 -3850.77575683594
-3467.80352783203 -3430.68725585938 -3423.61773681641 -3431.59875488281 -3440.86071777344 -3471.76495361328 -3489.03918457031 -3497.74542236328 -3496.66027832031 -3496.81665039062 -3496.07122802734 -3495.24975585938 -3527.66174316406 -3609.67028808594 -3707.13049316406 -3771.86071777344 -3808.78247070312 -3887.92755126953 -3947.98828125 -3994.36029052734 -4033.48071289062 -4067.15203857422 -4092.25494384766 -4105.83764648438 -4106.30883789062 -4075.85668945312 -3976.13970947266 -3761.42742919922 -3529.44519042969 -3418.74951171875 -3431.72021484375 -3502.37078857422 -3537.55450439453 -3558.69921875 -3678.77349853516 -3837.54272460938 -3951.93579101562 -4019.48095703125 -4031.24951171875 -3949.51800537109 -3856.40228271484 -3845.22192382812 -3846.13995361328 -3840.92926025391
-3479.88549804688 -3454.59576416016 -3450.46478271484 -3465.49298095703 -3478.16253662109 -3497.30627441406 -3514.62823486328 -3524.02996826172 -3509.228515625 -3496.00842285156 -3495.09729003906 -3484.91149902344 -3503.44848632812 -3592.56524658203 -3689.52392578125 -3766.21166992188 -3828.26800537109 -3897.00695800781 -3962.572265625 -4018.21630859375 -4063.84069824219 -4096.58380126953 -4113.53173828125 -4112.01232910156 -4090.44799804688 -4044.21472167969 -3934.73425292969 -3760.74249267578 -3602.13122558594 -3513.92425537109 -3507.94250488281 -3552.32775878906 -3589.67651367188 -3627.21771240234 -3784.14801025391 -3946.53430175781 -4014.31524658203 -4037.86627197266 -4023.31903076172 -3970.02252197266 -3903.79547119141 -3860.52349853516 -3837.05450439453 -3829.41998291016
-3523.98602294922 -3572.82098388672 -3551.46496582031 -3539.42077636719 -3540.74670410156 -3551.42700195312 -3576.80999755859 -3596.80200195312 -3560.74798583984 -3516.35076904297 -3531.57702636719 -3530.35327148438 -3551.26275634766 -3620.31274414062 -3693.69500732422 -3766.41522216797 -3832.31799316406 -3900.33074951172 -3968.70526123047 -4030.76593017578 -4080.79272460938 -4113.83898925781 -4125.74499511719 -4111.35095214844 -4066.14971923828 -3980.79278564453 -3874.4375 -3766.36822509766 -3660.84118652344 -3594.38848876953 -3578.76446533203 -3602.55700683594 -3666.70306396484 -3795.48803710938 -3961.75170898438 -4049.53747558594 -4055.20574951172 -4047.76202392578 -4015.94000244141 -3977.82073974609 -3922.37152099609 -3861.89276123047 -3815.21899414062 -3800.73297119141
-3604.21350097656 -3641.00823974609 -3655.24951171875 -3656.57574462891 -3642.24346923828 -3621.52276611328 -3644.56945800781 -3686.07727050781 -3659.46752929688 -3615.54125976562 -3621.01049804688 -3634.51995849609 -3657.60125732422 -3696.17327880859 -3738.3134765625 -3784.70947265625 -3835.55297851562 -3896.01873779297 -3963.36651611328 -4027.12548828125 -4078.00726318359 -4110.90893554688 -4121.81420898438 -4106.87414550781 -4064.22576904297 -4000.16827392578 -3913.88403320312 -3812.25897216797 -3727.83966064453 -3674.92248535156 -3652.00024414062 -3652.87896728516 -3707.22930908203 -3861.11352539062 -4010.99572753906 -4062.10278320312 -4062.08520507812 -4043.37854003906 -4008.88446044922 -3975.48602294922 -3925.57781982422 -3842.74951171875 -3760.52001953125 -3745.70971679688
-3676.85552978516 -3727.99096679688 -3767.02172851562 -3782.09448242188 -3753.76446533203 -3697.66448974609 -3695.89300537109 -3717.99200439453 -3717.79565429688 -3719.75952148438 -3739.33526611328 -3760.60375976562 -3778.09423828125 -3791.72674560547 -3799.21820068359 -3811.72625732422 -3837.12268066406 -3885.41247558594 -3952.94927978516 -4018.08776855469 -4066.44750976562 -4094.62969970703 -4103.24969482422 -4089.07275390625 -4049.29321289062 -3984.71044921875 -3911.685546875 -3839.45172119141 -3779.68005371094 -3744.21624755859 -3725.68798828125 -3710.82202148438 -3749.08428955078 -3870.95843505859 -3996.37152099609 -4056.20068359375 -4066.30926513672 -4046.67395019531 -4011.28277587891 -3971.83428955078 -3915.47222900391 -3803.12927246094 -3684.34967041016 -3700.9697265625
-3793.44122314453 -3826.83178710938 -3848.50622558594 -3852.82775878906 -3821.53997802734 -3771.40600585938 -3747.59899902344 -3740.33624267578 -3753.13299560547 -3804.15173339844 -3866.02947998047 -3901.65625 -3913.53955078125 -3905.80395507812 -3871.49951171875 -3840.75451660156 -3829.43725585938 -3866.30499267578 -3948.88195800781 -4018.591796875 -4056.99432373047 -4071.36077880859 -4070.74127197266 -4059.72302246094 -4029.59106445312 -3977.05401611328 -3915.76300048828 -3849.56451416016 -3806.63653564453 -3786.79504394531 -3778.42108154297 -3761.82019042969 -3799.54022216797 -3929.92095947266 -4036.64599609375 -4083.92572021484 -4087.34149169922 -4056.97528076172 -4012.14794921875 -3963.52142333984 -3875.69970703125 -3751.24371337891 -3679.3955078125 -3712.7509765625
-3876.40850830078 -3873.94641113281 -3867.79449462891 -3860.28503417969 -3843.22747802734 -3814.95446777344 -3786.14849853516 -3745.49072265625 -3745.18499755859 -3872.27947998047 -4017.26031494141 -4062.49322509766 -4066.51141357422 -4057.50775146484 -3960.03918457031 -3878.27575683594 -3821.59045410156 -3840.35119628906 -3973.26849365234 -4045.20697021484 -4060.74597167969 -4049.44976806641 -4032.29949951172 -4023.82220458984 -3997.31701660156 -3936.02520751953 -3872.22875976562 -3822.55548095703 -3817.78826904297 -3816.68371582031 -3807.71447753906 -3769.61352539062 -3780.75476074219 -4016.59851074219 -4111.55444335938 -4134.78381347656 -4122.27917480469 -4070.62701416016 -4006.65045166016 -3973.74053955078 -3854.49975585938 -3710.58245849609 -3688.083984375 -3768.0595703125
-3863.61077880859 -3856.62182617188 -3850.55828857422 -3847.3857421875 -3844.26324462891 -3831.78625488281 -3811.25457763672 -3756.60980224609 -3737.61499023438 -3928.31549072266 -4145.58868408203 -4190.60473632812 -4198.271484375 -4212.49682617188 -4080.59399414062 -3980.92498779297 -3910.71032714844 -3891.85852050781 -4029.80853271484 -4080.29675292969 -4081.42297363281 -4058.32501220703 -4032.91052246094 -4011.50372314453 -3952.05920410156 -3840.16204833984 -3754.10125732422 -3755.88793945312 -3790.27099609375 -3809.87225341797 -3811.1142578125 -3794.63226318359 -3832.09729003906 -4024.37677001953 -4117.46350097656 -4139.00915527344 -4123.38903808594 -4072.98248291016 -4014.10852050781 -3970.53900146484 -3865.13848876953 -3749.58251953125 -3736.50122070312 -3800.67950439453
-3852.916015625 -3848.34045410156 -3847.26782226562 -3846.02496337891 -3842.22747802734 -3833.69073486328 -3820.91693115234 -3808.43975830078 -3843.13775634766 -3984.18621826172 -4152.5498046875 -4231.93286132812 -4262.20043945312 -4263.3095703125 -4204.5810546875 -4130.67376708984 -4073.06225585938 -4055.52825927734 -4088.86785888672 -4107.92553710938 -4108.46264648438 -4098.11224365234 -4075.77020263672 -4032.62451171875 -3943.28295898438 -3804.65972900391 -3723.29449462891 -3721.91497802734 -3750.33953857422 -3783.82623291016 -3813.03900146484 -3841.64978027344 -3904.58734130859 -4005.92950439453 -4081.03723144531 -4109.84558105469 -4103.06427001953 -4070.09973144531 -4025.20025634766 -3974.78973388672 -3902.28051757812 -3833.15173339844 -3807.78948974609 -3817.65447998047
-3834.76031494141 -3833.25421142578 -3835.45477294922 -3834.94073486328 -3830.93151855469 -3827.30072021484 -3831.42150878906 -3854.92602539062 -3916.41522216797 -4029.54400634766 -4154.07299804688 -4242.56420898438 -4294.01025390625 -4309.52709960938 -4291.46447753906 -4250.34875488281 -4208.72412109375 -4176.87121582031 -4156.61242675781 -4136.71447753906 -4125.23010253906 -4126.49304199219 -4109.4267578125 -4043.06945800781 -3940.88800048828 -3823.76300048828 -3750.53100585938 -3724.84820556641 -3746.48425292969 -3787.93176269531 -3837.41900634766 -3889.35174560547 -3953.80255126953 -4022.29077148438 -4075.25128173828 -4099.51342773438 -4096.43389892578 -4072.73376464844 -4036.09375 -3992.75750732422 -3942.69329833984 -3897.56201171875 -3869.63720703125 -3855.29797363281
-3789.66247558594 -3791.66723632812 -3796.99700927734 -3799.04425048828 -3799.02001953125 -3804.68701171875 -3827.04376220703 -3877.73675537109 -3958.12677001953 -4062.87554931641 -4170.470703125 -4257.86145019531 -4316.93200683594 -4344.94494628906 -4349.80493164062 -4331.07824707031 -4302.31115722656 -4262.94506835938 -4207.99597167969 -4138.74206542969 -4098.23150634766 -4101.43218994141 -4082.07843017578 -3997.59948730469 -3896.95080566406 -3811.63122558594 -3765.58251953125 -3764.49401855469 -3798.54028320312 -3846.78900146484 -3904.08648681641 -3961.74981689453 -4021.17993164062 -4071.11767578125 -4103.52124023438 -4114.45471191406 -4104.9208984375 -4080.93780517578 -4048.84948730469 -4013.76574707031 -3978.68096923828 -3949.68853759766 -3929.15222167969 -3913.89825439453
-3719.17803955078 -3733.37194824219 -3746.66925048828 -3752.14874267578 -3756.36199951172 -3771.41796875 -3810.73223876953 -3883.77423095703 -3984.11572265625 -4096.47357177734 -4199.45812988281 -4279.99877929688 -4335.22485351562 -4366.67150878906 -4382.60803222656 -4374.08935546875 -4354.84838867188 -4322.99938964844 -4259.73303222656 -4142.1318359375 -4078.63726806641 -4067.30780029297 -4038.88067626953 -3961.95648193359 -3880.40625 -3827.52026367188 -3809.75823974609 -3871.30450439453 -3924.30224609375 -3969.55126953125 -4018.77947998047 -4067.39099121094 -4112.74652099609 -4144.9501953125 -4153.38000488281 -4139.73046875 -4116.6376953125 -4088.89428710938 -4058.53277587891 -4029.05554199219 -4004.5517578125 -3988.17626953125 -3978.22406005859 -3972.45697021484
-3630.31243896484 -3680.68078613281 -3705.89074707031 -3710.41723632812 -3710.86749267578 -3728.10705566406 -3778.80651855469 -3875.75402832031 -4008.88452148438 -4142.64733886719 -4240.79174804688 -4305.8251953125 -4347.23962402344 -4371.53112792969 -4384.77001953125 -4382.95080566406 -4372.71936035156 -4359.15270996094 -4319.70971679688 -4201.13354492188 -4143.01733398438 -4122.34783935547 -4074.09246826172 -3966.67498779297 -3890.62347412109 -3909.16625976562 -3978.27502441406 -4073.73577880859 -4115.61810302734 -4140.12518310547 -4167.23498535156 -4195.26403808594 -4220.69934082031 -4236.40930175781 -4214.86572265625 -4157.37646484375 -4116.09118652344 -4089.19201660156 -4061.67309570312 -4032.81323242188 -4014.45452880859 -4012.13153076172 -4013.47222900391 -4018.13995361328
-3534.68597412109 -3659.94299316406 -3693.35198974609 -3688.93872070312 -3677.10626220703 -3680.30102539062 -3731.189453125 -3851.82171630859 -4040.28448486328 -4214.15673828125 -4290.80603027344 -4324.90283203125 -4344.48522949219 -4358.48571777344 -4367.00952148438 -4366.12194824219 -4360.07141113281 -4355.57995605469 -4341.55590820312 -4302.27722167969 -4272.70275878906 -4242.40319824219 -4172.32373046875 -3986.60748291016 -3911.2841796875 -4017.42572021484 -4169.80676269531 -4264.24475097656 -4304.19677734375 -4309.37927246094 -4309.79455566406 -4310.70275878906 -4313.11303710938 -4318.14404296875 -4272.87683105469 -4144.04870605469 -4094.29174804688 -4079.69323730469 -4057.78527832031 -4020.76678466797 -4006.76000976562 -4019.4697265625 -4027.49700927734 -4034.39801025391
-3482.27349853516 -3667.70593261719 -3701.69445800781 -3696.94604492188 -3672.31677246094 -3647.65478515625 -3666.85522460938 -3803.60528564453 -4080.66418457031 -4303.35998535156 -4334.90270996094 -4336.59509277344 -4343.74975585938 -4354.6494140625 -4362.65307617188 -4361.26245117188 -4356.85009765625 -4360.75524902344 -4360.78662109375 -4358.02270507812 -4353.40124511719 -4308.8515625 -4175.70446777344 -4004.76770019531 -4015.73522949219 -4160.43890380859 -4301.18713378906 -4358.89721679688 -4367.20947265625 -4366.62048339844 -4363.68298339844 -4355.44311523438 -4349.15893554688 -4319.10705566406 -4235.93920898438 -4121.88604736328 -4081.31298828125 -4068.22570800781 -4045.00750732422 -4010.60168457031 -4005.29626464844 -4028.15252685547 -4038.48651123047 -4037.51477050781
-3574.38775634766 -3703.84698486328 -3734.52252197266 -3740.58172607422 -3706.51330566406 -3672.91278076172 -3640.05230712891 -3772.51123046875 -4125.30328369141 -4321.13952636719 -4342.44750976562 -4347.40283203125 -4357.32995605469 -4363.05261230469 -4365.2099609375 -4363.55932617188 -4362.830078125 -4368.44055175781 -4370.13671875 -4370.9052734375 -4374.58715820312 -4327.39379882812 -4135.47137451172 -4114.24798583984 -4181.14233398438 -4296.88891601562 -4366.32470703125 -4380.79357910156 -4388.31042480469 -4391.50927734375 -4389.64672851562 -4377.69873046875 -4358.52453613281 -4290.17126464844 -4173.24829101562 -4090.96136474609 -4061.31896972656 -4042.41351318359 -4021.96978759766 -4013.78802490234 -4020.9482421875 -4037.50323486328 -4041.04876708984 -4034.052734375
-3623.95324707031 -3705.24127197266 -3743.15704345703 -3760.69592285156 -3753.31176757812 -3748.08343505859 -3759.00250244141 -3878.40026855469 -4112.26129150391 -4262.57019042969 -4320.76879882812 -4342.16955566406 -4345.32861328125 -4348.01770019531 -4351.27355957031 -4355.32507324219 -4360.21545410156 -4364.90063476562 -4366.06896972656 -4364.71496582031 -4357.51232910156 -4317.67272949219 -4241.8642578125 -4239.38793945312 -4290.1728515625 -4348.32153320312 -4380.32507324219 -4398.20385742188 -4425.48571777344 -4442.29931640625 -4439.8994140625 -4417.6044921875 -4372.15441894531 -4287.66186523438 -4164.19311523438 -4055.50476074219 -4001.87145996094 -3988.03070068359 -3970.60021972656 -3986.03424072266 -4009.29724121094 -4023.00823974609 -4028.74798583984 -4027.33917236328
