Scripts/data/slope_2km.asc
NCOLS 451 
NROWS 251 
XLLCORNER -32.010860925 
YLLCORNER 35.989195475 
CELLSIZE 0.02 
NODATA_value -9999 
[rows 60 to 79 of 251, columns 368 to 413 of 451]
0.598566894302369 0.746429316152628 0.812948387189421 0.921083099649148 0.966489396660452 0.993978185125339 0.966489329299971 0.986329153269449 0.966620339039249 0.863024602326886 0.710007353024758 0.65388172518245 0.566412162632511 0.468776628084211 0.671366500959751 0.793088434640684 1.40221716067748 1.56526912386532 1.06750706569073 0.983817186946618 1.32082661956038 1.29012654288938 3.56478166616996 3.48461867506228 1.78128788359678 0.580848116157465 0.120341294337026 0.430123876298867 0.853685429772709 1.07099632525419 1.16923434385452 1.49752737568217 2.31660774859646 3.62232558908427 6.16166883097163 10.8323667675026 9.55969056380314 7.45528568965063 6.38267382471809 5.15229078779906 2.49134877266196 0.859795297825737 2.84503521883387 4.16258503121786 3.47818238174641 2.47478152503942
0.25816866430178 0.263761769423684 0.283551748232714 0.392279760003579 0.464408088105894 0.565770350783312 0.623564341881042 0.839219195750493 0.9585347569638 1.00274280853619 0.582925928172234 0.362336478910773 0.31617475117052 0.732533950026287 1.4722507088962 1.79507617324806 2.30350307016889 2.15634102811907 1.71874665397805 3.24355102001626 3.77606417001733 3.80371435863859 3.73365846374844 2.5350348495414 0.907504958509687 0.551779947614107 0.307514949298391 0.844817550529254 0.599277101350156 0.459842684286046 0.713389904835448 1.02874670304505 1.56609093294475 2.29917828640974 3.08636618521212 6.24884018352386 9.53953095223439 7.97817472092208 6.74498222215578 5.14233219469762 3.78106101184845 3.08789444160564 2.47501968458775 5.09546228834303 6.79015074441643 7.44167340476201
0.701174564143142 0.535103006478918 0.381595792500249 0.272927815860165 0.327567071827618 0.650684568965107 0.927097776736789 1.18706492840667 1.08885746198378 1.50816256210532 0.912712534654485 0.652937194034204 0.517591799073499 1.29874635265139 2.25907903515953 2.53771594621051 2.98593262975988 3.72310984353055 3.06292339031266 4.57155033693294 4.62362035402145 8.66327103875318 5.77588362039315 2.14990503606876 0.814881870976498 0.719689050609774 0.551152517207006 1.39736910192701 1.02478481764414 0.263371822732931 0.342156780436557 0.401703836961065 0.471827862524505 0.588897909901808 0.439134958416386 0.535452062585732 1.63225638186882 2.56984273505953 2.56605452885119 1.94348407236261 1.55125975421681 3.5112789584297 2.74881658694837 2.83836954051922 1.91440443813444 3.23052277405021
1.0702940773319 0.987842369060512 0.830158255574812 0.536886524782726 0.410398941824268 0.896978059646905 1.1309781064346 1.38474740511633 1.22496230210071 1.91742465044716 1.04469008982528 1.13861788782651 1.24517053817571 2.00452773675798 2.78631941284793 1.22454123083688 1.15941008732996 3.25970635688239 5.2267691279434 6.20336331013638 4.42260022368987 4.68333392816451 7.37571140044384 4.79617282968807 1.82327864450627 1.12406131556005 0.897881222259386 1.42562324420835 1.26473577346736 0.334233729968125 0.282599752244354 0.236889151420765 0.27911043683896 0.332939233746989 0.361381051289832 0.329338623826006 0.305169094856851 0.4500514243316 0.376481967174245 0.397162416984831 0.48614480744698 1.45441195852505 1.42011065374258 0.523297874130146 0.360180675346045 1.29226862898785
1.29216547401713 1.34506684807075 1.2872407096984 0.993560518795351 0.61414317717375 1.4628943256916 1.22680984085381 1.46349480345243 1.74134826588791 1.87991690838005 1.39430571877679 1.34658665944296 1.54031770682808 2.248593401884 3.1676920941061 1.64273455612261 0.857464250821823 4.23666423131812 5.8365373121602 5.28102795180198 7.39302049878154 4.20085374423302 4.7655702927264 4.4355757730073 3.24229293867074 2.7670191825153 2.46513063943577 2.31644109780003 1.18386391690504 0.357350974646524 0.317322712700578 0.318234999886619 0.193386769903739 0.155987293482304 0.192559002141215 0.18217698640234 0.167860017975306 0.133559270342017 0.366914199538914 0.349201368556743 0.179222885447255 0.283257050053507 0.391136126730423 0.335241945948807 0.248740532316582 0.213495170825911
1.28242400735172 1.58477154040349 1.79045637910114 2.19010192720601 2.46082093101832 2.87924593701322 1.89411946861959 2.30709138073376 2.3419190896728 1.76866555783595 1.06980419351964 1.19972770212603 1.63407550977344 2.8962918290075 2.92520134391986 2.54873062244131 5.05461768918558 6.3033780731729 3.50231496731582 4.45892077381422 5.80790141451661 4.64661662195649 3.58024189432765 2.43011181255915 3.12417957708461 3.81416021658013 4.75991692011231 5.29901227967342 3.53809259064405 2.02815327224359 1.37806434271026 0.631170667357072 0.289809996328217 0.138349210224601 0.210812186823047 0.184973588045677 0.171809292873865 0.120613128372834 0.31608491845022 0.514769855271385 0.444935724644335 0.291757312397126 0.163878374282892 0.169986498336257 0.251993346178656 0.315166045628308
1.00689498354157 1.47931402934722 1.84046573230211 2.44053527222535 3.76106890185637 3.53423834127038 3.18724673983591 2.84709832581162 2.06919138576185 0.948027157699151 0.484702277638404 1.36657960318856 2.71749745289428 4.67231534400501 3.40618250062473 4.34331199252402 4.73048327897745 5.66836314582252 8.00962007610492 5.59321442984168 4.69655545071031 3.75523889719406 2.61196135551973 0.986956351300722 1.30656686438165 2.85482331531028 4.46744456943335 6.31405324916824 5.10559155284343 3.24621321852012 2.56439586390642 1.54034666154185 0.237353041310694 0.318064654268776 0.397907382553241 0.263515225472304 0.29277549852112 0.257665554128075 0.178111662893005 0.308578810889961 0.46652687156422 0.486770774231219 0.21997191133376 0.142443948282359 0.23828685941698 0.405855393894966
0.500129944935728 0.903983305122569 0.96563284743228 1.98064363711039 3.14441905124206 3.66643226089856 3.47896408718058 2.45282797768051 1.1797349924481 0.835693082617216 0.841384635663926 1.49159677512802 2.724310344498 4.85644333169829 4.31695560080785 4.18164453582713 2.64599739425366 6.54615114446253 4.73834837720239 3.06843890817528 3.09715024695267 2.65347648618635 1.58954271707642 0.501703939140336 1.19582856810421 1.75064994039571 2.91589890788198 4.55014995982466 3.30163758402909 1.44247608626988 3.40425553139701 4.08534640273764 0.738142167303174 0.42079680146145 0.174585312246253 0.213737693597508 0.204455926678743 0.23535056550309 0.258291674182698 0.251710474435696 0.340414604941746 0.383865942395726 0.417222538714953 0.449553572098404 0.322797910319669 0.12060265206325
0.786270026696687 1.31746471524184 1.38693429114918 1.88813716272405 2.46212751206339 2.47946661846197 1.75680647364489 0.738158423804533 0.346972004248703 0.577842690867282 0.931044023349799 1.56311265264226 2.08249207547912 2.83219776100991 4.72569051529301 5.443281234721 4.2145930208139 5.54668278958451 3.13258485140965 2.01260613711473 2.02918506666179 1.59775437130095 0.893727163814728 0.664042755105189 1.21708808321382 1.55432936555497 4.59039586546497 5.76819866814944 3.48924891272562 3.45747129124803 2.81721924695186 5.85487696463715 2.68395402419505 0.886738778506466 0.703920519568977 0.57661680438966 0.524223170608549 0.252909934564744 0.130760849561141 0.217632733742497 0.375926099848539 0.339623770500076 0.251087038208781 0.141654367827325 0.102936256265252 0.076164133276231
1.38015661547405 1.86483910384018 1.85258477638868 1.68416917527051 1.52406063019965 1.26131632939538 0.863711392876722 0.662948145800179 0.521022359305156 0.579695922163294 0.662485748676353 1.4476243251937 1.88547256500785 4.16561972700375 6.00352627368743 3.85123188417438 6.26658412668757 3.66418973927167 1.95317103613953 1.75343645726822 1.24487556006673 1.04315049942311 0.584538156322016 0.466605759557055 1.30750525030082 2.68322964450883 7.91020510560118 3.24477984122037 1.58573137670187 4.84661456761063 2.25371764995811 4.72736970408173 6.21021043525831 3.23690621948601 0.753400731586097 0.26164930676884 0.430553792260384 0.329580545031239 0.321634476189123 0.365119620480921 0.367837260985551 0.231289914589736 0.138703981221007 0.0876971782067258 0.0779692136977011 0.0562322776824055
1.78950498169173 2.06399886367612 1.66171291718937 1.04041331660962 0.728696482608122 0.665772373433638 0.637056535456249 0.608703381203882 0.531036120455758 0.588376488386218 0.696820593061158 1.09441675911597 2.58115696333605 5.07115177850719 4.0169683534111 5.61148973894594 6.85241328129904 2.88657488955683 1.41647097932156 1.08683488356757 0.580756482518067 0.539906840046211 0.599441167381439 0.811696026752413 2.02921911445925 3.56736668836477 4.05185233742792 1.02277389486501 0.997879465835869 3.52978679352761 3.78020435646857 4.0724053362759 6.94428529611994 6.33085510956235 1.4936165451412 0.440127317776574 0.412111341970169 0.364979184850803 0.318179389670387 0.19013208033323 0.12348309105886 0.173682817612446 0.125281424518273 0.0716871222702593 0.118342672682106 0.106252112824189
2.32354665982383 1.77104264575128 0.800899688094465 0.337982218887684 0.294797773568431 0.254797916568654 0.24317967446136 0.201526684789095 0.22907017049012 0.307059940251674 0.507644343157289 0.691373396030281 2.40320983901801 4.84646325150823 4.22731624321433 5.66416454250193 3.72420133347439 2.52893736645631 2.91196384722147 1.87443073141776 1.03223268245238 0.663410501265565 1.1349402858904 2.58836574997114 3.92133389420718 2.60927666436716 0.994184047189458 0.239297533959692 0.566790694675615 3.06799939063389 5.54880502365976 6.18214250039919 6.20556744508958 6.72797081612688 1.60594926316906 0.394102020519417 0.425088527323269 0.320636397532692 0.28224868114526 0.234614330484612 0.228822143409092 0.158545534919007 0.117071442725636 0.153550394287191 0.194522144942933 0.131858797655937
3.08893590840414 0.961846360368943 0.378480980719707 0.308439093152304 0.278328711637752 0.192688395520098 0.25006522271343 0.141779296992579 0.106303821921324 0.501147136598969 0.942435654638685 0.56366955200636 3.81604625360564 7.01792509789137 6.66357676801119 3.59234957369701 2.24112558491133 1.25044072652572 1.04013175863762 1.19983562795446 1.15249078099009 3.12283485341198 4.83547151686958 2.63421105051374 1.31198226299247 0.445409685772292 0.144813076491855 0.162035363653854 0.358373900361533 1.99341852180564 2.74607300815188 5.84675287945375 6.37781953267355 2.93108947841622 0.468791355435305 0.690315341524406 1.42685641920719 0.837593524488424 0.569773460880774 0.440135045051168 0.362914091951426 0.268318555836257 0.242866532263437 0.223880050764034 0.15655486991162 0.291430857320551
2.86467629480819 0.400549755954841 0.3197274059466 0.350181956348516 0.408663440388016 0.161124242686754 0.118224831531615 0.132673816040703 0.145781284357132 0.265544434859277 0.881557785286289 0.959436756056114 1.28705539404195 1.74495128680883 1.39934294836616 0.528598324308458 0.709773280206129 0.643847554189601 0.727178697186666 0.867245793236958 1.14343486904666 2.73274122265611 1.35934349680322 1.12150075417735 0.624774417760964 0.344134750528371 0.143178712039039 0.212357235728651 0.294362670816219 0.294472179827016 0.697061549457031 2.15497286735382 2.2806139025251 0.90070096573846 0.320559455516555 0.563922001652458 1.30754449309694 1.92466075283103 1.41379742794117 0.375426617300959 0.182351956146264 0.164909683649001 0.259638835706563 0.350036756918971 0.527409602585734 0.796097596573245
0.674372977360769 0.429699400629726 0.288566708344323 0.256974869774989 0.41109129971152 0.215161947322298 0.156323780618702 0.187640899699445 0.229061241029106 0.110505066327863 0.222641955010962 0.413557359024371 0.612484293532108 0.456177612593745 0.255616077367744 0.259751747035787 0.228285860668455 0.427269327192044 1.24014944641426 1.58908908820501 1.62723947274052 3.77702538868265 1.04423999193867 0.587920358844179 0.197613490582513 0.109756835438348 0.0794819420623525 0.206548171771771 0.177461822934707 0.162285671331204 0.229880482015012 0.717199400276649 0.559594489025899 0.289605776823762 0.402844097203401 0.862561472167924 2.55961591565403 3.81713545462477 1.94163116926797 0.110134592596903 0.0939305183603209 0.172226667621214 0.305749064807105 0.524530127877636 0.904355956337841 1.29326825328691
0.525408431119376 0.31143849285479 0.449879243843105 0.700946948133012 0.529673597521234 0.322361304784992 0.266998747054512 0.305640671030071 0.299758525772001 0.250590657464019 0.344810794153961 0.389793299605492 0.48720293628458 0.399093731027462 0.581956529463373 0.637794373705697 0.428641799801438 0.651538125075857 1.9115642618571 2.55360391267158 3.62472788945291 5.64486727791867 0.890166130193768 0.25099727079117 0.194567368624079 0.150674252929594 0.114749899513224 0.189069040967665 0.14364203865834 0.207815643390273 0.244516938757397 0.448925603125901 0.308726985118514 0.428321114834478 0.544009019454193 1.12890064113412 2.77815378830214 3.13170176525886 1.15028514740517 0.246473743808244 0.151138329440436 0.0976203006195253 0.510471452041845 0.445248417181727 1.02588925304396 1.03848415871993
0.511958727096242 0.412537746225772 0.455422713611612 0.513601116105875 0.406403033007444 0.330858705770358 0.354179003582157 0.359835647012554 0.365247579921843 0.279301539581774 0.281578839924787 0.292003960391237 0.274624724052977 0.196887122846628 0.32012011056819 0.423627379215164 0.657946601673915 1.48185842972079 1.9998658637487 2.42070933882033 3.84496146827225 1.59297251911913 0.514154782692604 0.179148072130857 0.203757891548011 0.197294665735434 0.192935600312596 0.243197734543072 0.237912532076516 0.335490450940232 0.660522696197388 1.33018374241746 1.41244938460685 1.02046558236119 0.614476129974508 1.17277784923772 1.53429842372919 0.476850416677337 0.446685533888632 0.232220442813618 0.095890890876408 0.0803863016924604 0.219709440289625 0.304504267157175 0.587137098592863 0.741928496971843
0.472758568288844 0.485588408794595 0.484350898552449 0.384152249273909 0.169376863929419 0.171883225232407 0.406306270104648 0.575684987508961 0.613559573368424 0.49061869278358 0.487895590350378 0.529684393806533 0.342064390358387 0.331403334097502 0.358941797847014 0.46786177198769 0.518620528845495 1.38930672095378 2.01933600237699 1.69673219143525 2.13016313908187 1.46178491707162 0.634493604271968 0.297299178830545 0.310188491509063 0.241971534959661 0.290056842111274 0.351517145685296 0.409218625499855 0.380876101656933 0.928904117920944 1.99539428041954 1.52510348687919 1.22613527194037 1.04679292473709 1.25723891608928 1.30379045045827 0.635889785694858 0.178005912540242 0.0734520382338708 0.109026500307386 0.148141702910014 0.230623157958471 0.301649670353726 0.469993071080371 0.594139008000208
0.302699988924384 0.341936737919245 0.351143255653172 0.304010225982365 0.21720628440103 0.344111562978952 0.570862240406903 0.728500210606737 0.769749803458356 0.995510475673778 1.2990375407736 1.70463583016865 0.466426201225428 0.444957147730839 0.296221135480309 0.433433349046917 0.207717871849341 0.634510238059468 1.23538270133523 1.46995342560214 1.01881165530369 1.11679713041446 1.00203169762365 0.425197295762086 0.819694639166471 0.611287847417099 0.557628415719732 0.75383702744007 0.879410834996555 0.612883685084038 0.550504453473502 1.80997363686827 0.548562096152342 0.566091477848724 0.947668957022634 1.25152494534126 1.27306556534656 0.735257887519952 0.256905451204866 0.170168905652431 0.275411519029771 0.265456332409734 0.273506876947568 0.233785626683319 0.24302971331003 0.286716260560117
0.123735150242441 0.177108749774285 0.21075235320293 0.267218275144584 0.334228611430951 0.483936918202412 0.617030559883387 0.651152234393374 0.520920840901995 0.5427360266608 1.14973434839423 3.72762346923133 0.444508464641507 0.257761091615493 0.223127306841634 0.307798512895433 0.179137403650322 0.190308907630546 0.491263946549375 0.685574126977679 0.701864669924278 1.42458058694961 1.82386170484889 0.594786405117814 0.399362739596254 0.410610369333541 0.564939392221771 1.01689578359872 1.3996622160804 1.75255009009604 0.94437685170686 1.36990353203272 0.499991933644655 0.377346892964532 0.995721286059627 1.28439891091917 1.30852163555925 0.751726099632306 0.34943169181715 0.315571025419803 0.249738849796909 0.146039790121283 0.230670759965495 0.222570769390535 0.234485726282072 0.25969665058016
