Scripts/data/slope_2km.asc
NCOLS 451 
NROWS 251 
XLLCORNER -32.010860925 
YLLCORNER 35.989195475 
CELLSIZE 0.02 
NODATA_value -9999 
[rows 220 to 239 of 251, columns 230 to 275 of 451]
1.73892633913116 1.41482267044273 1.12159854874467 0.624394110737154 0.50249172228457 0.52935354810685 0.336735380219317 0.535828778997629 2.29363055126838 1.95675918081837 3.18334695383492 2.47307936865558 1.12046270195184 0.450637306703131 0.936048884484783 8.68032394726125 11.4344433353067 5.96818102294876 4.63025861020949 4.3722095942005 5.14762210397844 7.15175705885332 4.29145528862244 6.47177428860547 4.6663366144138 5.04439832329484 9.10782874538221 11.5463359769299 10.7062507558944 10.5020850205603 10.0375822402812 10.1673252448638 8.49610557041971 7.87381971555143 8.45439243250004 9.77680436209735 14.8635699072773 11.0158065091245 11.6620563010793 11.7635985134553 13.4338582323624 15.8779424515329 15.065445459244 15.1519546832626 16.8728838092003 15.053478815975
0.985451946789143 0.72007693631191 0.466103679423823 0.473196475310425 0.432612197733912 0.686922589877042 0.584401275192459 0.908695982316801 1.82510881955061 1.74368958862052 1.67243499172136 1.78552318952634 0.778081469421788 0.368471168755457 1.23300243599187 6.05876359902347 9.22159064782711 9.6355333396437 9.12793471742686 9.4616487748394 9.71526382041983 9.32834419753752 8.8358328313663 6.00251386314466 3.1980829374028 6.03143308679096 11.3666875241701 13.2044795824384 11.1951745598443 10.6623084953981 11.9746170879996 13.0613470226266 11.2872088800413 10.7554002370654 10.600422431146 11.2481012598962 8.07217078948851 3.31419482297684 3.78182582928324 7.42194592115418 9.9945923438566 10.4268036079568 8.06759015071306 10.7155149919045 16.5641811875081 16.8181756291938
0.756081085812475 1.12735357223758 1.5272544683828 1.73166925807913 1.73686140013707 1.68366414290608 1.38742151700727 1.597601722725 2.1172500485293 2.49952949994385 1.25479527486568 0.807077174988039 0.687636166856768 0.273303128832755 0.881171852582166 3.20276479162366 6.5607276651489 9.0423208642025 9.7073172400849 10.2018595509064 10.0076030361485 9.56285436598991 12.9073418051737 9.58058996858355 1.54626217367417 8.05933661036697 10.628338514682 4.85290027473071 4.61859002751551 4.1705099664877 5.79153405233302 8.9656751383157 13.5858359576003 17.0148696319938 13.2853008303305 7.67277773100964 3.3309030691619 6.5893094555673 4.71875949396851 2.77667401263027 3.7709002140569 4.06017717462062 5.30497562559169 4.99257119529226 4.6049731920974 6.983788717985
2.32575496732976 2.72397742029918 3.01021730366621 3.19242369420685 3.16026941448692 2.82689594805667 2.13990737846636 1.38732530008761 1.11240471649755 2.10275399310922 1.49102051056712 1.03637822780699 0.714067471773759 0.590829592075025 1.10175666938923 2.10489819053922 3.48652818816205 4.8232756254635 5.81095091362056 6.09386672724493 5.2010637322815 4.14575675999321 4.71198228640855 11.2426951033293 7.50234570922127 11.671041774599 16.2809562219572 16.1773282206096 8.46773543560775 2.35308533900931 2.4112727093037 7.52481054433827 8.11676941012125 8.63645612874262 9.63130574456124 11.5615241554362 8.85972643346819 10.2324672249605 8.77088615226697 7.34064296749819 5.7383946806296 5.3455325758075 7.73533094058428 8.93138024840718 9.40036807697114 9.50100006068064
3.20098850389135 3.52658719063419 3.89570607226851 4.2562300548031 4.32858419214062 3.85010000887349 2.92411451216419 1.9354281566817 1.52773747555763 1.65549937976995 1.32345492233066 1.16618478254162 1.00530457609761 0.946052801742466 1.04536898707192 1.37883356565847 1.4687384460976 1.97538144404828 2.53759169567693 2.56619140974071 2.25292915678257 2.18665192635242 2.80395052402919 9.37423124204952 14.9827263194791 12.9463000612247 12.9743032609178 10.7708098534209 10.1496846367747 4.86255307641477 3.07251754635188 9.26878886979704 6.0157904206238 11.7339970574811 16.0563185270114 15.6533647874236 9.33441130102298 7.17610795565687 10.0527446393818 9.78969590199998 9.54946761952874 8.28021233937833 9.0364264665016 11.1428587303297 11.9440591512911 12.5802557426823
3.27688674462362 3.600587812396 4.32618031845506 5.15165494111956 5.33072270975262 4.93509414269578 3.91175583408683 2.99822682428078 2.40628045758951 2.08814523308699 1.18239710277156 1.10071116124801 1.33083804437032 1.48488749258267 1.44093804732105 1.39752469002004 1.03093708949257 0.915523281647727 0.754696196959842 0.641423135493449 0.591042730460457 0.735852009932237 1.19267240251346 3.63221758806497 4.8473808168971 3.85110582246983 5.77473570554368 8.70007777834198 12.1524222567199 12.3865514011978 8.81856875626455 12.2365753454484 16.8922954687229 18.0874094863053 17.1370209765176 12.3257987400279 6.9233747398433 4.94792722245525 7.81787357124607 10.1750912988993 11.5002563394473 10.7962079478258 10.331739501987 11.197502031377 12.0798262561695 11.7172410026994
2.27665128069101 2.65503520582842 3.89813730137339 4.45582583765423 3.62480424953355 4.32809781112647 3.98970947350296 3.61230156357053 3.30883490372151 2.85400706711007 2.35181793831598 2.15396511828222 2.15439937854136 2.26575893083732 2.33966354051162 2.36391342314783 2.24983452819912 2.23596177612922 2.09066735290962 1.92554532812727 1.68850456655728 1.43024811760676 1.29668464221827 1.28951944355277 1.67638504772651 2.2935287091863 2.623863444357 2.84480170672627 6.56925330611771 9.43205579073181 10.1778053907384 10.6763671086732 11.0239760506671 11.1823732046824 9.46348131855174 5.93767737105084 5.18132834154968 5.58386331118409 6.39831876370947 7.53893979177195 9.01974400185604 9.45355482982342 8.75071344831752 9.25502454215662 9.69736873152277 8.17959330484267
1.04813299873841 1.5334312844587 3.80507517757164 3.25337876622082 1.01679533427591 2.74442359947054 3.09646381761387 3.33484673078055 3.72503545113187 3.87885303857829 3.47395150659848 3.18551193621587 2.92209533287578 2.76777944151417 2.75172074582339 2.8095657805651 2.8484333175448 2.92787541524601 2.97038727140362 2.94371507567254 2.86133982060401 2.74039349334438 2.73215842451809 2.78869798986847 3.00379037927093 2.95705024032423 2.37092597035402 1.08353226587831 3.10476492569633 5.44044425146195 7.64886335928413 9.12818736056499 8.49946114422937 8.2768789340626 6.80198063808652 4.17166784381086 3.66769165772218 4.25472392449104 5.10656735368152 5.35207500036783 5.78290169082743 7.14940619483855 7.13512347154839 6.95747147211242 5.70254596295707 4.46515429848586
0.713314615500666 1.32949403138857 3.0195200002971 2.66013471568865 1.59367054657887 1.86437685663821 1.91619030192176 2.07599990448521 2.85158446532124 3.69587859414224 3.7454332793328 3.21701323193453 2.87127186344275 2.65344939136908 2.59067605605531 2.6257451252766 2.66569432540626 2.774249717581 2.8986198373683 3.0356806659811 3.11768134798898 3.08469014282505 3.07183406448772 3.1248932108062 3.19902562953867 2.40297452247699 1.05110996837383 0.420106157178762 0.948673166017405 2.08891141157552 2.9330471129387 4.07716936439491 5.55411935308452 5.39053702524244 4.74472878489794 3.40980596731312 2.78468632465406 2.14803823512563 2.52977951156447 3.01425084824681 3.82330800828699 4.94448206236769 5.18723755785747 4.25166296104832 2.54474340628436 1.83661627893959
1.30873964457198 1.88778837077533 1.91297600557768 1.2082836250049 0.872175621526632 1.26964300813087 1.31286857835298 0.96608229799792 1.32217282763338 3.48991544021385 2.95644953665135 2.30514644208783 2.17824134150719 1.92220664452747 1.86716544549793 1.88399202932572 1.94523724147985 2.05000826654304 2.25850432210146 2.51000920072478 2.73954608665934 2.64397448114878 2.32650742672354 2.2535564613383 1.73563456046829 1.67798614599527 1.21110939405191 0.812213357933516 0.335162951384865 0.372092425180913 0.418640413543417 0.827155388557625 2.08031008074013 2.99563533915981 3.3348543575602 2.96075581279524 2.73965648636602 1.66098963773911 1.03891001840993 1.12293846858883 1.94514499168922 2.81224505816766 2.75838370472265 2.19082233341939 1.49528811862429 1.30260444214884
1.30622789875128 1.47237909965596 1.10723394187256 0.456635223756188 0.631222691612942 1.21548441198294 1.4778867649997 1.58308582861927 1.69543218338013 2.16706549832237 1.72371593006273 1.37896565736281 1.35644518164126 1.13029110806956 0.982135442210563 0.857933437482836 0.817437837778319 0.725739802097341 0.885663056759798 1.31600612604204 2.17488330507146 2.8733299350691 1.54456172789059 1.25374469842239 1.37112277647468 1.37359616864396 1.27592301921775 1.04593871063544 0.622620778281424 0.220160134742036 0.202837828293671 0.777544941610667 1.51860207886951 2.23111262578541 2.85224512546276 3.06372651204517 3.18843119525505 2.64394580566786 1.98430585798546 1.25513207415089 1.20063904905666 1.6022759321509 1.54397618145179 1.61253699090246 1.59931178819869 1.5382397416532
1.33881805374881 1.1449450325987 0.604762131291158 0.255158319614221 0.705755314040157 1.23242839643416 1.52778267321821 1.48096032077859 0.784473556789474 1.07133537929744 1.23050692009791 1.12574200211815 0.983146031048037 0.829257902523857 0.689833355233413 0.554233757631345 0.493230639241511 0.439773322024292 0.731429222458359 1.24947932322951 2.37106421868997 3.14282318340297 2.92890059880824 1.41085354645556 1.24351776692927 1.26151839191901 1.21728253945731 1.18635847308089 0.933076393713803 0.621714515758082 0.509024546369275 0.566319314921177 1.06851646048189 1.79787424208553 2.5325600045841 3.00721770787448 3.23642543393779 3.09980925818765 2.66349548251388 2.07786447827184 1.6550259500793 1.5786996291471 1.54381227322347 1.65346827713582 1.6240610303387 1.37800166539367
2.23769002736659 1.50921979382561 0.646850520291578 0.403102821401742 0.755177206674867 1.23542606287068 1.40832253686755 1.30090516082629 0.480907983988557 0.507021571057547 0.728210175858278 0.795422858623229 0.681394602042359 0.694883806517082 0.686992249520594 0.74120502319308 0.84883431442799 1.18200823278693 1.69251360715166 2.54121208641633 5.1287902932601 4.92315024961569 2.95111880155911 1.77169856710344 1.40257277797894 1.33940584442445 1.30189098641068 1.32049112388613 1.13648797222824 0.709021461900627 0.346094154987557 0.20301449811341 0.554520633218415 1.27635415174229 1.98731523917666 2.58517434779429 2.88695226991343 3.01591297916099 2.77632495008317 2.37629091243212 1.98680809543159 1.76024550100733 1.65493025259623 1.55765853677334 1.37909086029716 0.762742127633041
2.35747063926103 1.73846940043461 0.827509653971172 0.438952287632997 0.654902235876836 1.11772117998531 1.12756760910343 1.15394434572675 0.853995463953791 0.678422972007201 0.590464442321322 0.509704629782767 0.431955683845735 0.591431132946166 0.761994858071582 0.950378565703183 1.12715790203194 1.39198982092673 1.54268311072567 1.67162188208115 2.45263558562625 3.88972987578142 3.13831850788984 2.32717941458142 1.94067853799731 1.7459312530805 1.57605238644302 1.44677879680159 1.10997048252648 0.635213204185209 0.349660159161665 0.245184311160379 0.277235476392702 0.760216137505344 1.40905830376928 2.0362611427616 2.36994217234722 2.60396513339054 2.5304573639545 2.25398694519003 1.95045881044165 1.67828249832167 1.45530070057467 1.28400133889918 1.05210032786724 0.388802555533274
2.22800334586978 1.79568489044167 0.972680515946354 0.354961740100952 0.732247692226891 1.33923322672382 1.17872756924332 1.19191726419115 1.38671144788685 1.00471145501397 0.62932471480704 0.291211160677589 0.233313635841637 0.56410115070246 0.954021102041056 1.32102419859589 1.66166318620497 1.67194159551652 1.18827229888145 0.923483730986382 1.04269211087913 1.96320571756359 2.36663839843699 2.29458594153538 2.15522201767351 1.95708265552686 1.69145808554302 1.33387122705572 0.840575656778486 0.272759185871329 0.336377069362114 0.39919204323977 0.311577337105994 0.438782388663102 0.930216792681044 1.50442623760937 1.86192821807548 2.13207540349104 2.15714150073329 2.01080593554204 1.7641877533635 1.43878626052063 1.13330669034221 0.976804371690829 0.902282402100548 0.609552352854375
2.05521654270231 1.87866562651546 1.4856243342531 1.34429509734744 1.8052322353467 2.48605296395589 2.49809044711069 2.59539178955069 1.95973353886745 1.2839288449979 0.795094236680317 0.416900566010905 0.300102016260973 0.57195144532626 0.996109774947034 1.53566282711434 2.49256063721457 2.64447310114835 1.61359174992364 1.25179878781667 1.06013592630934 1.35765990478798 1.75664796170157 1.85156006824331 1.84117020132201 1.65402735469035 1.36418273175497 0.941843431802457 0.478484375521666 0.164488101702299 0.466639591860706 0.616214516591436 0.591191735728993 0.60929279312083 0.884338440065559 1.32246635833969 1.60123868227889 1.81890567798133 1.82804340516543 1.73585511140088 1.51849742947832 1.23487574406937 0.86759810876013 0.694978809766993 1.47474748357534 1.7002175735888
1.90283342851253 1.97270483292572 2.480178621043 3.08586575383612 3.36249145411538 3.21497382727054 2.3285080611488 1.82276757656922 1.5756769152915 1.23015956729385 0.963590882950196 0.785893637027853 0.668198934315865 0.57364352294506 0.598244530696543 0.86784064775079 1.7756127860985 3.03219844583984 2.44965977549143 1.789705354443 1.19218955523129 1.00642753819791 1.11046237032268 1.20860658017664 1.17524932871316 0.970684807206601 0.673735103693057 0.385226941153498 0.350558167454033 0.441179398801901 0.819342555315891 1.01341925976795 1.07192810202744 1.0102536630064 1.06926231594993 1.32911180291876 1.49938760758714 1.60929158580501 1.57535487286423 1.49663815848635 1.30907143771656 1.07586726945626 0.743738065578851 0.833458277762145 2.11896745260682 1.97915712859738
2.98163949555742 1.86841206000957 2.90200659885625 3.44740206278865 3.45055765071677 2.0625850663929 1.1345490907665 0.951014747444919 0.985612885529246 0.951761908380622 1.02470651339294 1.08387263828807 1.01524878105153 0.686074549323096 0.299911322821581 0.632568288032454 1.41160473756397 2.4166613290499 2.63311380840154 2.21846512541271 1.49531279062205 1.00280742763964 0.77789503232874 0.654738406029307 0.510832219934702 0.369537885603214 0.31584067270898 0.542139585584909 0.740799214617378 0.889423084486394 1.22033289602811 1.46575207131987 1.5205621097289 1.38833671699491 1.37013399529237 1.49860481443419 1.56809014618108 1.53772631509477 1.39538553308104 1.29706193664408 1.18895208437386 1.08242212411533 0.581998581819296 0.931334007152716 1.26205009415983 0.990460722471825
3.20654575340616 1.80939145630359 2.44128363890631 1.87032918724914 1.0248284526619 1.17966061665377 0.686639094170772 1.05888256017529 0.650077502092253 0.545646628825735 0.963469027702512 1.15938513881905 1.1851432746408 0.764892818513746 0.35077317060023 0.624157505542106 1.37361837382451 2.12294527558853 2.5070561082648 2.3699525018949 1.71771841604082 1.12069009719215 0.666064548951125 0.33695349820012 0.0912569875151148 0.280118362745431 0.600834983326596 0.835229438436059 0.923151249900376 1.20317604944338 1.60057148015751 1.79347352017647 1.67932751459121 1.44546159039668 1.42596337244473 1.60556204147323 1.65043610554405 1.62146205162828 1.36525497521967 1.0885398234468 1.00002070560376 1.28867933432692 1.40893123943849 1.34096644296409 0.978030867325392 0.581091781212801
1.98282519430623 1.75650747503363 1.24369275436932 1.21826132736325 0.788201999865569 0.838256331279477 1.01107963726529 0.955445941279249 0.550275972950744 0.399562427002631 0.982975276589184 1.21622571550351 1.03966112449911 0.899096527323759 0.56255498392561 0.587159737961614 1.3564463794107 1.99411425740717 2.40561808203513 2.3651010113505 1.79023743333234 1.17885738582098 0.667649330894246 0.259707603101504 0.150933427088928 0.491846798204142 0.823651355854047 0.939286602739037 1.08306267345539 1.43946668470173 1.76862465019797 1.79607734607447 1.48438765351903 1.19176557459825 1.26960698319542 1.54561060225157 1.68998604728341 1.7860057784101 1.57265402537178 1.09751615274302 0.542520940146883 0.88700191296887 1.59940441376062 1.1033923788957 0.707160251288479 0.409606890779029
