Scripts/data/slope_2km.asc
NCOLS 451 
NROWS 251 
XLLCORNER -32.010860925 
YLLCORNER 35.989195475 
CELLSIZE 0.02 
NODATA_value -9999 
[rows 160 to 179 of 251, columns 0 to 45 of 451]
2.67061700046695 3.32197862286268 5.2993453152958 4.223175065579 2.6515971217545 0.857362333045759 2.04861108090265 3.36566985811021 3.33874444320886 5.29118622759926 7.6583998472172 6.0163207097117 4.72679814092378 4.49203757642371 4.50549388932862 5.6813667692848 4.99797008325805 5.32711780099613 2.40939315057842 2.79891393080349 4.53789268104916 6.71932009478462 5.78693341708166 4.46496339475637 5.02833011312901 6.72399500919883 5.14200237030945 4.78114671999642 6.51732498121972 1.2369751294811 5.7298529232471 5.42132482538059 8.25015585740371 3.90924202647456 2.97431265649235 5.82898951546486 3.30431324310992 11.1560147088267 4.45436768831092 5.19254274893921 5.15357899938403 6.30633016271729 9.87042362964483 4.45140384067634 3.60873896998692 4.80195305779248
1.66808361351715 6.97481648013174 7.54153940821398 9.19389588351436 2.03604478607996 2.14727894971777 3.75842491430883 4.97966156770105 2.33045453772243 5.74139158841321 3.89016802545394 1.62607118528556 2.93125404132393 4.61531455919667 2.22077049891412 2.45514050951253 3.05130425655092 2.70293348249486 1.33083108326611 2.42846450673237 4.47218781467785 4.52849600237486 4.18187272532932 3.71332137738597 4.07812788635795 5.31096061198397 5.21788597184588 5.19598425752285 2.82118671032837 1.4716485977376 5.41392243370085 5.34233829758576 7.12869269664125 3.97978541689969 7.99395112105177 4.40407243725844 5.4335138295744 7.10488412930517 3.78752889730413 2.31109895769516 6.64865983024202 6.02464730256385 10.1776010995755 4.7825453906698 7.07534702211061 8.22440296872525
2.54464611292278 10.4348422213663 10.3425175304259 7.76408053389935 1.83255546092274 4.91193084324049 5.68751619748966 6.07760175937412 4.63013907405663 2.67419406702232 2.21815059232237 2.43199650529311 2.71345177747708 4.29542529884997 2.0911550016823 1.55361931749316 4.29890068200111 1.62661313025116 1.39905201516909 2.04758393803616 5.56848174569311 2.53552452980584 3.42791864556403 3.57011668789978 2.70871371599551 4.80936473887788 5.73797538501356 4.16881435053126 2.67354163390949 1.94507836574051 0.857290234776353 1.15683912602131 2.67732236285325 3.60083582719491 6.06149544199246 1.96092979958245 4.90230379964411 4.6680873022342 3.19222108881761 1.78736916146021 5.4589375533858 7.01345523132815 7.04970740576531 5.12204782118682 4.66057053859312 7.09352262204198
5.09532092735077 8.75499419157288 13.7914895056201 3.42390258586172 2.37146778526127 5.91312002271331 4.89094229754374 3.57122352226825 5.0080944197503 4.21226198869311 3.57653669505591 2.56315656442272 4.32319290690593 4.08929713403949 2.95794122411712 6.6090606957783 3.5795679945419 2.5457326609552 2.09305077632278 2.29717796606874 5.75527098804763 2.62732576776366 3.20836964610039 2.73638908700579 2.56140392158715 6.98338935174305 4.26416435557611 2.80548978769507 4.35914905468709 3.33355190890501 1.59853941980994 1.7393307127266 1.72571012114329 3.16584910207642 3.25572552675334 2.10424873619805 3.31852194743794 2.8335637554746 3.25174801922228 1.75774886998988 3.60183348016651 5.27215648367928 5.94063273875154 3.90645377157104 5.39919015993671 5.1757235195912
5.80014050993947 6.52274115002356 4.33232747765929 3.30884417900661 3.88930516721317 5.69381145610058 5.05277354855647 5.33430668179033 5.09050773604469 5.92873266064634 5.76739442746213 6.35809619454288 8.03751275390851 5.39858666123612 8.0484804180169 5.99703072971027 6.06772591448555 1.99564104688345 2.55160621662393 2.74841905515296 5.16162530592034 3.69250694991744 3.30672428370412 3.94646381393542 5.32723475794338 6.5329153360625 2.50268123575105 2.38081301458891 7.69634530790075 5.55265317910651 4.60638682931709 3.18026730858062 3.61851632507355 3.59342044198183 3.0741435630382 2.96252652168994 3.83794677164075 3.0771280947115 4.50748174320869 1.87989743368774 2.76084118780614 5.57543637847644 5.23043052308232 4.08284230618398 4.10703040075717 3.88339942692223
3.15398585183467 3.12504915791505 2.18776479908246 1.67832709595954 3.61223385356769 6.19765211517054 6.61334058749851 8.44864647067772 6.33204429747536 5.09869431578431 5.6390663398235 5.1960667807058 5.34126511730309 8.00416222203136 8.18137421020529 8.72772635235534 8.51253388207303 3.59273391996326 5.80373503623883 5.07524302915443 5.12233300469604 4.7799594208072 4.23934418780438 4.82014847119872 8.19257361414718 5.92128365353854 4.04986443529751 1.90898888350819 7.96653226416798 6.90483578592391 3.66920585042353 2.83412670278025 4.93855541917723 4.74977451486031 3.48819321069007 4.52228895431016 3.63485828884632 4.18124717340806 4.94920408058112 5.72321316990082 6.94683250512732 8.06078855190984 5.02082704063494 5.87305159649546 4.95883967743925 2.68816064543981
1.65720811432054 1.46746037506611 0.70472126489215 0.780276970762491 4.10137629797087 6.27999808559213 7.08620744215226 9.43066250875057 12.0174064699647 14.1053648046839 13.3115867296711 11.623373514014 10.29536149164 11.7096520652325 13.4826227483339 10.1027967920556 6.36645926114964 4.83390675029369 5.81001873551829 9.17626258911173 4.95604337526323 3.658596484379 4.23410498208363 3.91890520055903 8.11959596910017 2.25289387103777 3.0514403374298 5.37479479855405 4.66979233289538 2.55849262210832 2.69028961028412 3.68315151641356 5.04091061993668 2.89928218396938 2.12435984978252 5.60512056303307 4.38597052015151 4.41555320926033 3.66817473094567 4.31752862642779 4.43188296139143 5.36526705836865 2.91902094259093 6.39423403523424 5.96910136833126 3.94841510870037
1.25704862154612 1.99503321367847 1.48644524495786 2.91007870341816 4.03720799760403 5.24075227708991 7.07237523219973 10.9440234684007 13.6282593763218 14.4363407123603 12.8708369797255 10.4997469597381 11.7865322295092 12.0090419912536 11.3082247914736 8.00455639759281 7.7455690059089 10.3104259495746 7.50646950741492 7.62958269790825 4.17979819114589 2.56989653382752 2.76769393355881 4.8654664104284 5.28873361207669 1.07692692693935 4.59385195452547 3.65135884623241 1.28535769983964 2.63868969471778 2.2818992490685 2.24756354879546 3.22064811664668 2.54871452107467 1.33164719506677 4.11265199307999 4.65162580661327 2.84812594832401 2.33884268449313 3.65528600445398 2.94128082960657 3.0442316153315 2.6429103102399 7.12306777702053 3.71194489183747 2.76642162692162
3.90317695595718 3.98641034612857 5.1686224511374 5.81173573352428 7.24412089982874 10.8134939564596 10.106750324257 10.5412524856833 7.60538602800344 4.05993973098574 4.64908504895861 7.34007222525554 6.5247555840436 5.94615754916763 7.03366910381719 5.30158179535764 6.35902736179812 6.57058705953964 7.67568074529309 7.36161899528357 2.7511985187965 2.34221185265051 3.50720807676723 5.43664616945802 2.18680611014405 5.04526252217103 6.20305614391923 2.09828699796492 2.44688439373815 3.66472015389313 2.38976354967583 3.22956547285638 1.38105743251227 1.38836448368143 2.8359135199591 3.39743951823064 4.66380719098977 2.88363623955779 2.10307560816642 3.36100894226113 3.86551152873115 2.71036299458875 2.17990737892691 7.17481828440196 3.29078733804139 3.33168451751349
6.04089145978591 8.02121577031933 10.5565422793247 4.58794764050377 4.49682883224903 5.1383526296297 4.00494789225551 2.98598034368371 1.74226434637974 5.47358404050148 8.1801270189085 8.08369997381056 5.31308659624012 3.67022434920085 6.19506667950124 3.38237452278876 3.67261381297962 2.01831161341697 5.58579512536682 7.32911144932787 2.9873638302842 3.8278092202002 5.17649716938402 3.02456753558717 2.01707162352504 6.70221218611745 4.21207311753207 2.21759032266656 4.32270778852025 9.98437254298911 12.6922220288122 4.4579448456017 1.78716523622302 2.38772092922881 4.20375375588712 4.65814017204133 3.67674357985774 2.19106075823009 2.01504182881814 3.1768455422545 2.45656505975309 1.08642030081283 1.9442546618644 7.13372156018391 1.49682397073654 2.2712496366025
3.92712926616789 6.83381700178761 7.63352493590029 4.76288263806116 2.30464127669013 4.27795707720863 5.0445149511406 3.7771883940055 3.58065418304891 3.82912702196086 6.85405882466559 3.78829303787076 4.62337011154196 6.25173631682504 7.6256399256154 5.02382292122773 5.02207167024709 3.7581749914224 4.55412822369296 4.14044568779593 3.53883267484492 4.03606823081637 3.6369089408777 2.17258772795543 8.19216847408186 6.83511616733469 4.1542479695543 3.25062247085943 7.83527028940789 6.34498368638999 5.94143984131319 3.77852639617172 3.47595810282956 5.77835397358482 5.44594680858355 4.00802452209018 1.83891404719698 2.08152724928172 2.49245400408087 3.2673829123501 1.24739102688869 1.3317509597828 4.92560121062841 4.59149999378189 1.2590724984699 2.7087564015663
6.06473758675446 6.41981015630771 5.63847328492157 5.19423773027236 7.16374051920823 8.32515766073132 5.92485782447023 5.96301989574403 7.82976244092648 5.42627956271294 5.0098605076652 2.42974766443801 5.37200567105114 7.4341753185175 7.91295932318302 7.37860573414537 6.26703750068473 5.95474367455009 6.82405821881217 3.67486386571203 4.0330490361023 2.68383028037743 1.50584472606814 5.65322309457972 6.41590223428089 4.0705152171872 3.7730953677134 1.97415883283208 5.95757477470501 4.44482166471297 5.79390727767955 6.02817903156538 6.37315705301499 5.46481276719408 4.3863506816161 2.04776128615697 1.37787352340451 1.74161249987121 2.73751065468534 1.14582709812975 1.12105987875953 1.26816555486843 5.68938571166803 2.7201336434871 3.64185915729864 2.59574117099908
5.95912948345057 6.04752157363933 5.28895138304143 8.68479122265413 8.41048875148411 5.15892657121478 4.20433060180603 5.78526229866891 5.23842746859193 6.97642124350355 5.12527417119021 3.03284840893678 3.32973567965433 8.51730250395853 10.5042590770925 10.8642313011864 7.07820755331225 7.06624676076118 10.7053029717216 10.4930635784107 8.46049866232911 2.62198596099559 4.28824034950403 6.47973787124261 7.49748404950214 2.93749454939494 4.63484507255961 2.02614192589253 4.85618303418125 5.89991649505857 10.3334854234468 7.29255437963911 3.21304060825017 2.11647091071307 1.67697729036938 2.60430294659523 1.10691830811562 2.47688126474032 1.75284838106523 0.782215984578334 0.383326558911289 1.86626254786533 3.77756914173544 3.04033034321434 1.70707886629245 0.830100976799143
7.44794737726132 7.59652954979659 4.17950954521404 3.60623438487521 6.02802066734943 7.63830876864004 7.19036194841315 5.98372365714246 6.33487304812457 9.25634922264072 3.93808330833762 3.10072444388513 4.72318229083428 5.85542258213287 4.62694635540666 5.18147024800477 8.33515954786115 15.0920475410872 11.6191763437129 7.50443806927271 7.19322206218664 6.90320919265796 2.68240833689206 3.90133757973137 4.87758054505961 2.27460495342184 3.60343276460553 6.90735104778778 7.98525278395216 6.18701782439192 8.10786592799402 4.96464400882587 1.25075152071791 0.697141510566609 0.438178901256821 0.662210817990956 1.14815817528073 1.48783045184138 0.649316220448224 0.249890585853017 0.657583602156166 1.65191878265823 1.27685443116187 0.834426360341352 0.80609741235629 1.58741078835858
8.43654739661152 6.30772505600971 7.88577534473663 6.19128885111483 5.60551390603512 7.4461358633842 6.51973646945189 9.91586291802713 6.62953669772016 4.89428942813113 5.65867971052702 5.4935853743864 4.14132721403268 6.41156332550475 3.6184075673461 7.30818885560434 8.63778829274614 10.9437705802068 5.26314388438168 5.94758762252094 8.52762840867528 6.30633933062095 1.96610984040179 2.60494587242236 4.64784607892723 3.91631636521298 5.00432974086837 10.1867067766245 5.15986851276428 9.79256003643225 7.67789423949444 1.85944902571739 1.12548660552635 0.922944862645925 0.525064223400088 0.310106938600615 0.509051872517915 0.93478110756492 0.631765041849079 0.526983592404304 0.719154341313318 0.485255437762201 0.350569558700232 1.38989864494184 3.28946694186969 9.10341959706141
4.4336918230994 4.66849904370478 6.03236734947151 6.2703360642906 4.39060860199739 4.75099573079609 5.02878782704943 9.27359145903781 11.308647301485 8.12058547522366 5.76641386713426 4.71592933274794 5.14320752898364 6.68267799156655 5.60124889136417 9.66390132657367 10.9698469340289 6.67653504400016 8.65912955967106 10.8932829387099 8.23529794606115 4.92221646367663 2.5754059225852 2.29144853730257 3.51708079501086 2.52609734600824 6.88672806713568 6.40486697464567 6.98597497307745 11.088928516188 2.3424833048961 0.492222472006507 0.356475103341204 0.514030117748545 0.298712521902901 0.417574932646896 0.567593332639342 0.349557944810236 0.503608783002094 0.391682008461029 0.588094815477652 0.486309881565002 2.49395644762852 10.24544746967 10.5720411545083 10.0426897248052
9.08439419624152 9.74852321539929 7.23488987872929 4.44665158159688 4.72866430023658 4.87271194739729 3.57685683039408 5.87337957916527 8.52061364204943 4.97419294669824 5.49158372902896 6.7412563354629 3.96361277414752 4.76305588744451 5.40297985475604 14.3913245519436 12.0834246236555 11.8674295060324 11.3737190179622 9.49081573492163 7.13627776822451 3.21535651230344 1.00259375849419 1.41501896635555 1.81942750187727 3.70072780058585 8.06191940590281 7.85650613425354 9.15406294710308 2.79032643851802 0.528417407101547 0.451120298001059 0.325457125725368 0.647141404673636 0.565111354163043 0.5096498755146 0.535803082466234 0.680749643038407 0.878807450190905 1.05361744929441 1.59638343831482 5.08184924394916 14.7168832503678 11.0150552611938 5.76746607053846 6.8314870401413
13.5257838063462 13.4790542570749 8.06254881433433 5.41343463977865 4.48675603104638 4.88938973631775 5.10160934888636 5.19861647290669 4.31730318707997 2.89515792261985 5.88518190829205 7.836524087373 2.97309763685647 5.25829518425205 17.5115841487048 18.6328484129193 15.2921712783182 13.1318860579392 13.9388864406355 9.95431614463897 3.14433791056604 0.623180997460618 0.44102247390151 0.548177614458379 1.85814589044102 8.8688206277737 5.34329946221098 7.08313393944305 2.19674586136072 0.882955626206814 1.09819088766569 0.978399892162332 0.83948515713191 0.64399580952352 0.722960753846949 0.848604672665712 0.718775603351673 1.09401691125526 1.24037219168861 3.6766132201396 9.84836629834593 16.5212089517709 10.0401258750626 8.13449136651269 6.40070721820883 8.92613275625114
11.3531211091554 8.06490135987568 12.1273050551172 9.9417695678521 4.62709354689341 15.2765220204182 12.0369418416071 5.72232898095259 4.80051699601547 5.54113966751193 7.56824007192379 7.3913826113979 4.80890568508845 17.0322725741042 15.0391574225578 10.5724985141293 8.94120596741655 11.9999810495352 10.3134397358992 4.66985850841728 0.995157847112043 0.818057199738898 2.42107232369389 5.14396037223015 4.16706916690149 6.74791072366188 6.62203056987131 3.45052475231895 1.32868573297959 0.540094645615294 0.784749562134118 1.03830531280886 0.979050800854431 2.45786910876433 7.7954252200057 8.83475353595904 7.58375936793673 9.75902303743427 13.5666805795891 16.5800915885581 14.0508483022758 12.0041235993596 8.63741319128372 8.02612888010211 10.2716913923756 8.18595957751844
5.76613152028821 7.12908936317695 12.6825070248434 14.8767731321439 15.2276262239019 20.6883021300521 6.1767509294764 8.01115427477233 6.03996142443647 9.81422199277913 10.5268596580494 7.31933097947801 15.724923832872 16.7030954554963 7.65405477627759 4.76714058570942 5.8676972796556 10.875183241873 7.33661377505907 1.37911800629417 1.18196734572183 6.19954243863114 6.34467701202616 5.10222175406373 6.70139751791065 2.42738990892766 5.44995794925877 6.6957306565727 8.11113224901228 2.64366014000404 2.55304751084005 6.40355523379736 10.9716602696061 14.8778354998137 12.6499307233277 7.77458235523216 10.5403273725141 11.8368514339115 17.2536582404966 13.6378286170073 10.88437150973 7.21799916949005 6.71831711737979 5.62442234302825 2.02618524492673 3.08797992145655
