Scripts/data/slope_2km.asc
NCOLS 451 
NROWS 251 
XLLCORNER -32.010860925 
YLLCORNER 35.989195475 
CELLSIZE 0.02 
NODATA_value -9999 
[rows 80 to 99 of 251, columns 138 to 183 of 451]
2.5286019123839 2.4148137438945 2.67047859694729 2.86328547578313 2.76521061196926 2.49715658859369 2.25496777258251 2.03706939662794 1.76078017129044 1.63891455602182 1.49876894283897 1.55177754328796 1.87663303326627 2.16015038619135 2.28077398174773 2.08430055298525 1.79703629649019 1.29406955327314 0.752613645099941 0.51275554736555 1.14651712093678 2.8032978595938 5.73608274742417 2.88713281098489 1.06353283613267 1.12627676411727 0.996876388981204 0.95977266392876 1.30661055530899 2.42166119321379 5.74253191496033 2.89829320238687 1.92809853993937 1.23778296660546 0.717000793757255 0.392235628777718 0.472317875225384 0.575964543715587 0.522223273171238 0.495297936266874 0.533860216798071 0.521760663378608 0.509136847439736 0.541480409939554 0.538550840837995 0.631140920649141
2.89368757845567 2.53248673650674 2.37820471245215 2.23639630167658 1.98864397228072 1.59511802851596 1.1388138121507 1.04491673044803 1.02424619228343 1.23547694985735 1.10951746788682 0.916302301739688 0.725654869210481 0.807415184593399 1.07789388844304 1.30138140442539 1.42287141253855 1.52240257978431 1.5517379441327 1.76682945354338 1.95406694400564 3.49483412832937 5.12999165968674 2.50704981440814 1.75445533117181 2.01850425367444 2.26009559739074 2.14310289271645 2.50157857835022 2.96987776664018 2.93676807601734 2.52421267444849 1.05862441332424 0.551964981983082 0.554080903908617 0.642133389821329 0.827324429665587 0.89948383806588 0.787289222925629 0.645080065987608 0.570194442074201 0.514735646540836 0.482556855799108 0.430241748267483 0.275313714276774 0.515236091237801
1.46705548857549 1.70259987135484 1.57112889089573 1.30304439255531 1.03734421605399 0.637943409922048 0.570509176830724 1.16192566141049 1.75083261842462 2.22747306655446 2.36793905334291 2.29241299998754 1.88885542737305 1.54410803012154 1.60477748426678 2.06867019606442 2.6766783292379 3.21078646333381 3.41392658200881 3.60513748524861 3.6123040176429 3.39171152604896 3.13891220957474 2.45440471086237 1.61403827588048 1.45163242309677 1.58627009985102 1.78670426575413 1.83494063076663 3.22746709366178 2.46155354410757 2.03235444617182 1.9751137306286 1.5703642674454 1.63473258944808 1.74902101668505 1.81544535336193 1.74277149732788 1.51557595434349 1.05241527293475 0.756687710177425 0.652392629626182 0.588426712118492 0.642127404056592 0.843984854097465 0.908037951440695
1.27286173743969 1.05346387245712 0.69244059199699 0.698070762611511 1.39030716608849 1.84559809254334 2.4451292820682 2.96773392218813 3.48554358865117 3.94493308720799 4.19031950085477 4.21799910837841 3.88721079985737 3.51557300932288 3.45241931094092 3.93545851671305 4.78005452147528 5.56820244479871 5.97494504778635 5.75372399533025 5.06445130217247 4.30698110783116 3.68088875117618 2.92968028419124 1.94795589139812 1.59014523996579 1.29184976919745 1.78844047964104 2.37429404380303 4.44262122449687 2.7743390373924 2.54177781586228 2.84228446387815 2.96318911021228 3.0346047386276 3.18630897873895 3.09717729251127 3.07564278476105 2.65375706654303 2.06637121860045 1.40602702186411 1.23087834954 1.09973483080551 1.25458834862625 1.36351732269601 1.79775838729669
1.22296301501493 0.812513272681596 1.11986549653317 1.85169675459002 2.98263416711466 3.82718622407372 4.57573965150807 4.96143420072669 5.2666784344206 5.68424095509651 5.94823826501467 5.95008302056 5.62706807307297 5.11128554293125 5.03834400168929 5.52816781209034 6.81231117276939 8.06853698768591 8.17918565793749 6.70822012061622 5.33975998959304 4.21282194601794 3.48915455590952 2.5925190709316 1.75192063704184 1.36067090904377 1.56014145549996 1.57311369242779 1.41218578351766 3.55235398731139 2.51914815194883 2.9619549291082 3.12337780726997 3.47209116339816 3.47399316883053 4.56867335446802 4.32374127313459 4.27784261888313 3.59222381439224 3.32118276333857 3.13936798747803 2.62402533720715 2.33250679572069 2.04107027739567 1.90563527118676 2.13167222466874
1.05861563446273 1.36345581923295 2.35262290569495 3.22200689650118 4.30385884375668 5.13130732556098 5.64076667711865 5.39533244454586 5.0571114349916 5.02886320985987 5.09205200654741 5.1816843297693 5.19589482399633 4.89195214415511 4.73884326002347 5.23283505135414 6.44160541766971 7.12785882167245 5.85266522040377 4.21417759323253 3.55535160652352 2.9139203938011 3.0047043708912 2.59350804506176 1.73487976534492 1.75324533020344 2.3157632094623 2.46936893987 2.23823062060423 3.82047243417134 3.16133585683835 3.50239152689289 3.9610340085172 3.75675006117948 3.58861597302664 5.1178316664109 6.42201667123003 5.80324675038873 5.47813337637389 5.1381380108515 4.45614763256254 3.86949259441766 3.32652265065871 2.8512786931592 2.55738154510263 2.53307327407974
1.37365495382538 1.88158211648676 3.17953912455223 4.06001000214914 4.67061079690454 5.19492396839898 5.04209428853779 3.82759167463397 3.27012501990789 3.13500457707336 3.21279654469186 3.31909293674523 3.34046027974099 2.9152509550664 2.60336369462875 3.32600487842212 4.47707434234326 4.50413543882876 1.77250182324656 2.32143972810692 2.29502290389236 1.92235649681983 2.48394074185035 2.5492676958986 1.99013390691855 2.0828801946754 2.86552305363545 3.57246445641457 4.87815911276803 4.64097869474258 2.80937957620267 2.62305684507292 2.66571102415095 2.64918558355427 3.37475682060481 3.88148728432314 10.558179986781 6.95517020621955 5.51815768916447 5.03496668965145 4.45236948016825 3.97276184213231 3.42931625060096 2.93008048120784 2.51239310529026 2.31307199668038
2.53539174605068 2.54419910185927 4.17536461808125 4.90770274816986 4.20123895269035 3.42345207054058 2.65198300835639 1.22376021493777 0.732078351965377 0.711586259372133 1.17961083343012 1.65244335348305 1.8946681666494 1.44122812538632 0.984679883412379 2.20121462564239 3.59013968954232 3.89145660924881 1.85704803904025 3.67719352162557 2.56499678924589 1.42270485568375 1.65030037183763 2.14474138913741 1.93458919283003 2.44169492057381 3.57345784411149 4.03397280238491 4.62618072783563 5.68445019131544 12.2319585845145 9.91416420677348 3.74801216828668 2.69175375626525 2.77314642130342 2.18197261104672 3.34188124018252 12.7893201671324 4.06155187886973 3.35462798091253 3.08706157685398 2.88280585834334 2.55309927622051 2.10228483207683 1.61673672410289 1.35743693791305
3.36666836866836 3.16466512961936 4.99176389133627 5.26935078789822 3.34980047231957 2.17307489946831 3.11853271134277 2.69702779183616 2.91648019868232 2.81096971228689 2.57779664634017 3.2706765417249 2.90719519327837 2.9239235469583 3.00417149551363 2.98402671741483 3.7388310002825 6.94842683892436 6.5349032402019 7.7777473728298 3.71853407032308 2.00510161477497 1.32502142391413 2.54243966907901 3.12254599075272 3.99431603174527 4.47049593655657 4.62926596496827 4.59190789171628 4.18703639906069 4.37603103236193 5.76790431297101 12.7446458414119 8.33018587657849 6.47700124109131 5.64862958263094 5.9912790115587 8.19169570844499 8.09417836398368 2.65780152614245 2.16648184418501 1.84306266388141 1.59870966488797 1.42131624744658 1.22130720410899 1.17643659086459
4.16927826096685 3.64145456646789 5.07562373767998 3.82415609099396 4.28346536998629 3.52044020799146 2.97889406931335 2.64334622692149 3.32722484278551 3.70164931733827 3.23952591552269 4.04528172342902 2.24802701050057 2.87913225066578 3.69472701528325 3.43124154191086 2.47764053252936 9.11799783083854 8.8341902418376 7.14916994888843 9.1339563821171 6.82324674630276 3.65286474388394 5.53646188635081 5.82002954321353 5.32301574942396 4.69814961200279 4.26823080753575 3.57568263530454 1.92150156479107 1.8997482034091 4.09451041585604 10.1297637092565 17.1836250708054 9.56616716998916 6.16298733588871 6.45433305053231 8.81894129125138 7.88049298047445 4.39064101029863 4.30399631442262 3.85082059260137 3.10691951316692 3.38800090466478 3.65460586059103 3.63743071712076
9.09950435192369 4.52200303371431 2.96588803133522 5.03090741581331 3.57827543823634 2.70545097134055 1.8159620018609 3.48053179082024 2.66684643480385 2.49312363082256 3.15924886711943 4.58717747653058 2.7784899378876 3.41186832284393 3.22533450085232 3.69340735466761 2.57851837555522 6.60480691636972 10.1852235373589 5.89263861809165 7.27532056804961 11.1548747253809 10.2337831120209 8.9579629978801 6.90707266894452 4.99742257340007 2.9588470553211 3.04023576940609 2.62422070734472 1.93318308769729 3.78506864313036 6.8018444633879 6.89754819875634 7.47275552038946 19.1790590129807 13.4536154739699 6.38107890125701 10.3254845159695 7.63054447308136 5.35471263800561 4.5039684203963 4.99351100918208 6.35991517116732 6.82877153678922 6.51676096020809 6.28448176643001
4.39814592173232 3.4977164740086 3.27103011780264 4.59332484116108 6.54891054309174 4.63853468298685 2.53692165371382 4.36311238085401 5.28741012575094 2.77067203308934 3.65334566851042 4.14142126020578 3.12220239556224 3.30535525588719 2.29309106782843 3.2507785400002 3.3825426585491 4.79898441548072 8.50084019596387 12.187655304511 14.634938231574 15.0095203040424 11.9601758384377 5.93491439785702 3.32493043550497 4.40517731290434 3.09750165904798 2.95906172685606 2.56640835588764 3.41322886747789 4.87592579857935 9.31763059263217 9.35364367324204 2.44461021239484 3.32390382835245 9.23354423373533 7.53626569957494 12.0380286917733 11.7834133864978 15.0624831978122 15.0563950457449 12.7680403460147 13.380704280621 11.2480268260742 9.13773720278019 8.50306246571017
5.34312127362533 2.69823508396618 3.05970403599776 3.4618837198139 4.41112454464155 3.8802218180162 2.19174042987187 2.61243992116369 5.31432754938405 3.78902497052163 3.14085988366234 4.46954022843092 2.92447631530166 1.47118116731542 1.71619856571326 2.17003811616265 2.55312930017553 3.6088013411151 4.88006519088295 4.98347401345768 3.78628875054088 10.178338841309 7.82175554242803 10.4327209119687 8.14839212247262 7.62799691541132 3.98264494585006 6.9618844492544 6.10005895185998 5.0593206611913 3.70808549777421 11.5261006961782 7.55205192418553 5.5027224336488 7.5862324095826 9.21104300386162 9.02034083810326 18.4135970623549 23.6095934123649 12.6015638928089 10.2047947970682 8.11076321199076 4.14923259027094 6.01919875547097 7.34652892153189 8.6923979062638
6.97462544880429 4.4256745907771 2.70731479207878 3.78018148341467 3.86562933793644 3.06894853219424 0.936936801961577 1.31528546858393 2.94993186284494 4.0152364796097 2.92915764775162 3.464065621995 2.79763104879941 1.50355694503528 1.29002038652969 1.49232965582806 2.00389625719165 2.66246512617847 3.39985810829991 5.29018808557113 5.04718229126614 5.65628246367677 6.0532461289935 7.591413163225 7.08752524308876 5.4996014153547 4.17087637290564 6.40346028496959 7.17739154599627 6.74274270374301 5.51130649901853 8.513657751018 10.7645411052814 9.88025564907252 9.94739425191179 10.5301750725198 9.6507554504986 18.0267535108224 3.21746046370003 1.56340195214626 1.48092498919684 2.96996136402041 3.69312258889941 3.1763068086364 1.01319022816276 1.44052581904788
3.48680916451022 10.5240864591999 5.63092848883679 4.36944657503995 2.71080536379251 4.61156866796611 3.31870186752427 2.65503100394752 7.68271295777397 8.65710095854184 5.31612568530594 4.02182680604188 3.85252796266609 3.49975922407654 1.83747129427723 1.19862888998641 1.20113299265926 1.78667061714379 1.09669075763086 1.86019306596326 2.91306620562788 3.86171307554068 4.95120797137529 5.93794316979622 5.9710728945258 5.04243596108477 4.71754027495653 5.54522630348031 6.11201169884787 6.11653090042588 6.17485378841935 7.59694185418641 9.06502779487004 9.22679015644033 9.3166709374381 9.06972903914373 8.39688200948255 12.3173150893193 0.767404064023064 0.665442453115698 0.78739338898117 0.534214427094647 0.578180915687993 1.23409828679643 2.56457247528147 4.21191774881549
4.26730461979494 10.873435782053 5.87412785185908 3.82745820753547 2.94562526799494 4.06383328511543 4.05939870670818 2.62024429138747 3.76945132208294 2.59386976037946 2.88780066164884 3.13089979525692 2.23313642737228 2.9653324889363 3.35805796364052 1.35666905382426 1.42538705424708 1.41981060090343 0.832566400606831 1.12030047640502 0.9410130114087 1.98433313356063 3.02552784126187 4.23575385013227 4.69011968300305 3.96590381889204 4.03201924372783 4.36340973879221 4.36693245424844 4.05016768070478 4.00934500778023 4.75889518491392 5.28637756488565 5.09189738517665 5.020662410008 5.31982917344034 5.56145731956098 7.48703564660914 0.929762030548944 0.811519805878041 0.902988182288148 0.464851599798939 0.386037931907261 0.413071980272355 1.3856771847948 1.11959739169191
5.31031792388164 7.54259852582498 8.11745950521592 2.72614602667217 2.3307377288742 2.01898666422578 5.25081745200287 3.98642910502124 4.67063036618416 2.11774521597794 2.83043539459184 2.93779612123958 2.91140979967889 2.54818924747217 3.24867888667063 1.7709424605546 1.99896250759273 2.13054614272582 2.00012807719558 1.20223495012174 1.44893406160803 1.57743860029396 1.55606298852761 1.40647017571671 2.6429733239053 1.80386493150265 2.18528659027119 2.67555099927587 2.62709836820275 2.2703630621408 1.54962929428459 2.32180947499812 2.0529780226622 1.50522311583365 2.43956944884596 4.33067551872183 5.28496420890271 5.92215886758554 2.55538347248479 1.30667119263957 1.34190101452132 0.566485893685055 0.55121092429184 0.656921826172608 0.798742842054962 0.698058080002889
4.62299033985825 6.56369458541207 8.35867677270087 2.32048484655298 2.69075925049719 2.47160463651165 3.79871007865218 4.76781011174674 10.2657826841869 5.45082428416105 2.9169051656752 2.02840889985228 4.01222406820523 3.66188128257064 3.94347141323066 1.46603751972201 2.38951652691292 3.0480848667963 2.99902206298113 1.51820879208959 1.04337571416773 1.91737679035452 1.18275750548111 1.19171973672081 3.17278290067574 4.52696219225145 2.15552195520647 2.825644215408 3.66641382626022 4.14090327607995 2.68133597600466 2.61960400557684 1.44471226695569 1.77881477719309 4.19619196239118 6.48365794353707 7.29840645833865 5.10918757568443 3.89543413869877 4.99899950587278 1.2119072988283 1.68557933811946 1.10185999699662 0.819637438155643 0.915047831640876 1.07084135091191
6.71293605149688 5.26737356394888 9.31207768375477 2.17332240406615 3.6229504268765 4.19309171440791 3.76387104114774 5.21758141475715 4.52131524616378 7.37810558281095 7.22742305424275 4.91059161842334 6.40635335757491 9.17941629727271 8.58092112639459 4.28626026252617 2.10377501257422 3.12229860686081 1.81822511901386 0.862337055343224 1.13499352511757 2.39434827214953 1.0642611856337 1.02193525214557 1.76762611561179 3.18605773304638 4.20060008456591 5.78214126100574 4.13104118442826 4.6640367222145 3.7610706166346 4.33780130921183 5.43468632862269 6.83722958651893 11.4390112520446 10.6711053356427 13.7322630276565 12.1405970215739 6.76896804789933 6.07098751480842 7.60474205728714 7.10135188079616 5.40148420906621 5.54100259821169 4.52814170185257 2.81369400461945
8.05634186305685 3.27724164390581 8.07877034999076 5.24587384846368 3.45189500006325 2.93484094625389 3.26783341290569 6.72279231325598 2.36111873811804 2.59840685062528 2.84936994856903 4.61882300060185 2.24409906971146 3.51832699968134 6.80894274651338 8.1117258908234 3.99545453805915 2.82626554411748 4.22490522899949 1.18022686427728 1.10501035322967 1.83182426854713 3.21162897966004 3.69194025742007 3.43692785265611 3.86822731138009 4.09685520356599 4.36156617363209 8.12478894466887 5.13315898283784 4.24517487121923 7.61997449903174 5.34264434796076 4.51234710775398 7.94528430637471 7.76669663671922 5.88573029514485 13.5768053277691 6.14604601341882 3.51671004413106 3.01552041213245 3.92754321144575 3.67997539918613 3.91480907220505 6.56074800283729 6.95254521331007
